3 54 185 141
2 284 266
3 230 10 77
2 277 238
2 96 16
3 91 5 175
2 21 219
3 188 248 274
2 32 255
3 156 199 130
2 113 181
3 129 131 247
2 79 35
3 213 138 173
3 53 139 165
3 166 45 183
3 232 291 151
3 60 283 189
3 226 124 2
3 245 287 169
3 200 235 52
3 290 163 251
3 44 81 208
3 63 25 153
3 57 119 257
3 198 118 84
3 15 22 262
3 19 101 278
3 273 89 194
3 18 237 229
3 125 83 211
3 261 90 49
3 105 6 272
3 267 48 178
3 263 70 149
3 38 93 9
3 171 42 94
3 187 160 123
3 74 190 240
3 285 76 1
3 218 197 69
3 56 23 143
3 107 147 270
3 227 114 135
3 225 140 293
3 144 73 37
3 193 195 206
3 136 236 288
3 260 109 97
3 95 177 279
3 58 253 228
3 137 117 154
3 150 269 233
3 127 27 231
3 133 207 120
3 148 68 59
3 161 111 176
3 92 61 186
3 13 191 126
3 276 298 46
3 294 158 252
3 203 271 155
3 259 50 196
3 62 3 297
3 24 295 17
3 210 209 215
3 220 170 256
3 159 11 71
3 162 86 100
3 75 82 192
3 246 258 47
3 7 26 142
3 299 268 280
3 286 157 182
3 296 222 67
3 134 243 30
3 85 239 104
3 249 14 43
3 72 241 205
3 103 282 51
3 4 254 106
3 0 214 115
3 80 121 66
3 8 146 12
3 212 204 223
3 164 28 289
3 88 217 55
3 108 40 265
3 99 29 250
3 110 202 78
3 87 174 31
3 184 122 145
3 41 128 264
3 275 172 292
3 216 244 152
3 116 102 242
3 180 64 112
3 168 281 98
3 34 39 20
4 167 224 201 132
