5 303 9349 6882 2088 8120
6 3546 4661 1863 9382 9229 7317
4 8559 7190 1123 1991
6 3692 3381 7016 4448 5331 3884
6 3445 4924 1411 8895 9250 9203
3 9459 5797 8865
4 6711 7915 339 108
6 8832 7864 7903 3060 3941 9312
7 8104 2751 6891 2469 1277 6524 2363
6 9314 2589 1357 2144 3558 6870
5 5887 2061 6751 7854 8770
7 119 5902 9981 7384 8224 5924 2617
4 8484 6024 2128 9287
3 9757 9836 4646
4 6031 2673 2504 5737
5 3540 3468 1393 7910 8877
5 6206 2605 9992 7483 5318
6 6849 823 4046 1444 6154 4542
4 7557 5994 1217 1354
5 2883 6220 934 7417 8278
8 8787 3208 5516 6208 9832 508 6826 7049
6 9670 3170 8190 4388 8860 9642
3 4910 3066 476
8 2603 726 4826 7323 2657 1047 323 2252
4 3188 9104 3986 7809
3 3321 429 1254
5 4980 799 3300 5936 710
6 1674 7816 9882 7071 165 9387
6 4693 6402 928 1274 3048 9499
5 4020 2118 9636 4639 8096
5 5668 3149 2077 6387 8332
10 2278 4346 5335 1794 9619 212 9191 5870 1744 3928
5 4455 3047 4150 6620 2516
4 2436 896 6085 1795
3 4717 1033 5988
6 9164 9487 8214 696 2749 2502
4 7677 7994 3867 23
4 6239 9538 3699 7748
4 3608 5962 3767 8319
3 5983 8985 3883
6 497 6159 5875 2958 6274 6986
3 3708 5472 3995
5 8736 6399 90 1648 5859
5 1372 956 9735 1827 8913
6 1866 208 137 3906 3109 3528
5 9625 3584 3008 5912 7751
5 7471 4450 2374 8394 2961
8 3693 2838 4421 9505 657 9715 5788 452
4 32 3377 6394 626
7 6706 8489 187 9011 1553 1050 7436
5 5721 4673 8207 5704 2985
2 7444 4589
7 9347 4511 3325 3940 412 9197 7783
5 3147 7929 4714 3213 259
4 2783 1799 1775 9461
8 4742 394 6338 9406 8035 1466 4175 9736
5 1240 846 1844 44 1038
5 6053 7889 7916 8601 652
7 3197 5406 1040 3904 8481 3235 5891
5 4935 156 4491 9471 6080
5 8803 5663 9574 2811 2410
7 1609 6502 2559 9464 2969 2351 1722
2 306 6496
5 5205 5477 4772 4500 3224
7 6189 6786 5766 1879 8705 9076 1115
4 5282 1755 916 1074
4 5654 7171 6565 3755
6 6831 4507 3393 1509 9442 9921
3 5049 9249 5204
5 6424 5717 7884 8830 5469
6 8699 8155 9246 3269 5643 5665
5 2934 5799 4667 2911 737
8 6695 9559 6182 2291 6793 3926 5467 1510
4 8370 3833 5730 7359
6 1200 444 8437 6464 2494 1962
4 3375 6333 1763 6113
5 6410 3531 8748 5767 4728
5 8262 1986 6984 8343 6881
5 7141 5716 7934 872 3588
7 6228 8236 8298 6312 609 6314 9993
6 7430 6012 6615 1861 1270 7391
6 1313 245 2543 9570 4004 7252
4 6710 8485 8583 7343
7 2986 4601 3090 5089 2217 9930 5821
5 734 6740 6132 2017 598
4 4467 4441 5959 1582
8 2735 6804 3795 7686 199 7556 2255 6479
6 1757 8586 3112 9397 1882 7261
4 6069 2867 2561 8994
6 2784 210 697 9934 5284 8663
6 2015 1441 816 7031 9525 6433
8 8146 2074 5958 5355 2772 3456 4023 6364
7 4307 2060 6638 4250 1668 5098 5508
5 328 1189 7149 1 5644
4 975 8664 2058 2165
6 6607 8614 2972 9647 5056 1150
6 6139 2520 8856 6596 9903 5264
6 4071 9411 57 599 9594 9831
4 2297 8615 8431 8999
4 533 494 4801 6349
5 627 3557 4854 1629 4267
9 6418 3442 7572 6966 1872 9872 9699 8633 3064
4 5402 7109 6682 9095
5 3603 9002 8831 7830 3207
5 200 1215 4840 21 8948
5 7230 9090 6280 2684 5889
5 3294 1908 3615 1037 4580
6 1995 3542 6120 5000 8215 8053
6 5440 7465 2706 7958 3503 5596
6 1593 4657 8950 4060 4427 4416
6 2507 4028 8477 6669 8231 7058
6 7965 8203 6742 7234 2306 9650
4 4225 6677 5590 5753
6 271 1422 3946 2896 6166 4671
3 3739 3722 4230
5 7319 5576 3141 2727 7985
4 7357 921 870 8959
8 7585 2313 583 9031 4527 5884 8196 8980
8 19 3564 8868 3901 9130 2378 207 2408
6 610 3030 1613 3470 5115 1452
7 7975 4586 3396 2116 2612 8753 2908
5 568 1054 5426 6734 4811
9 6724 1773 5868 3105 1407 9046 8991 1999 1085
6 6875 1777 1330 9571 4333 5688
7 3067 6244 9298 777 1925 4640 6444
7 6265 6739 4495 6601 9652 8065 1378
8 7993 4090 4973 1024 112 7336 9404 6153
3 8758 3409 5441
4 483 5815 6442 7087
4 3200 4615 6102 6795
4 3168 8167 8291 3179
5 4848 5377 8591 9961 5446
4 7329 8306 7 7215
4 8792 422 8246 6644
5 117 378 3053 3243 2353
4 4665 499 7978 7154
7 8133 3807 5769 428 1921 2775 906
7 9996 3632 7574 4154 1307 9162 6521
5 3005 8989 9657 6674 4818
2 9927 794
2 2718 1287
7 2123 7092 4405 7940 2127 532 4886
6 9254 4245 9376 1007 6487 1892
5 1830 4068 8598 2131 8594
6 4648 3778 3667 5502 3911 1495
4 565 9731 516 2486
7 8406 8458 6570 8077 3158 8907 5150
8 6913 5025 1113 3338 250 5157 5549 7739
5 6822 277 4205 9195 7206
2 7716 5121
6 7104 3816 4223 8444 5732 5839
4 6916 1206 9395 5471
4 1269 8184 184 1093
5 5090 3475 9072 5463 7042
6 3972 2324 1561 2290 1706 2450
7 2519 206 6133 9300 2654 2182 3286
6 8587 1984 2578 6164 433 6118
4 4733 7372 2244 8397
7 3410 2941 9654 649 813 1987 2862
3 9003 6879 4736
5 6912 8804 6331 7274 9223
4 961 2112 3625 6209
4 3024 1319 2258 7834
8 2531 9626 375 7690 4195 10 5492 4197
6 474 8086 3068 4958 4173 722
5 6735 9109 1387 291 2764
6 9691 1349 4830 3155 351 797
5 4080 5263 7663 2461 8722
4 7804 5484 3959 6285
5 5517 8464 6850 1289 7350
5 7553 4475 6662 8160 4774
2 5991 89
4 4761 8840 3696 2208
7 2147 5636 4128 9063 2038 6667 3569
7 6457 6430 5971 1460 6806 2825 5272
7 6296 9409 8637 2809 2796 9124 9794
7 8342 513 2036 1689 7778 1464 6147
4 8351 6473 2444 362
5 3371 9042 9968 3481 6032
5 6304 1835 2164 9081 4145
5 4414 6023 4318 2179 2759
6 4349 8713 2141 5062 7337 3559
4 9412 5955 7284 9391
7 585 9274 9820 4247 786 8554 8113
7 273 3245 5719 852 4403 6827 4691
8 3025 2357 4255 7117 9065 8159 3635 3687
4 9514 2720 8071 8411
5 9627 9702 5941 6798 2683
4 3103 7355 5862 3898
7 5227 2696 4699 83 977 4492 6278
7 4984 3605 9712 9800 2844 6509 3322
5 6656 6076 2762 932 9850
6 4437 9068 2323 1320 885 1343
8 1273 3821 6924 4260 6580 4258 8345 644
7 4184 1227 6985 7847 3221 736 6152
4 3549 3411 550 788
3 211 7860 9214
2 2176 1983
8 7657 7499 1228 4836 3077 5762 2625 2746
5 6765 2787 216 281 3028
4 5510 775 5140 1280
5 1635 9202 5188 6668 4103
6 9401 4706 5628 7194 8846 2664
4 2788 4048 9293 2836
5 61 225 8814 8845 1359
5 9267 4724 3961 8839 9061
6 8382 5861 3154 5754 8235 6828
8 88 672 9733 7710 1177 2042 6049 7123
5 7346 1245 6213 5562 5571
6 4687 3976 381 2439 5550 4859
4 6404 284 5553 8716
5 9976 6004 4355 7661 2926
5 4833 7554 8956 9547 2463
4 9864 7457 2552 3791
4 7957 6048 7122 7348
5 8557 4704 2198 5692 5813
5 8448 7456 7926 8017 3529
4 2135 3647 1116 9827
7 6412 1869 8412 2547 546 5420 4069
5 400 1565 9150 5247 6384
4 1447 4536 3729 6725
7 530 9087 9255 2663 6181 564 5631
7 8175 8784 5069 5214 7407 3516 3184
6 7911 8310 4914 7630 8931 9601
6 3257 7612 9846 3 6175 8543
2 7227 4540
7 3055 9925 2370 9269 5597 4239 5029
4 5890 69 3193 1129
4 9901 7116 9763 3488
3 8967 3452 5953
5 5649 3133 8938 8325 4476
4 9768 9466 8121 3259
7 1867 5235 3129 8274 5998 9856 976
3 5424 1267 1376
5 9581 4411 9767 5325 7509
3 5332 1199 7376
5 9305 3544 2954 1715 6610
5 3017 560 6116 3040 1740
4 5358 511 7334 33
5 1888 5751 4204 3268 1658
4 7249 5809 7552 8701
7 2166 2695 7561 7770 2769 7659 9569
5 6269 2999 6900 2913 1300
4 1874 9421 7995 3492
6 222 5387 8128 7614 581 2133
5 3951 986 5120 6169 1726
5 3333 8112 643 2414 2310
5 2774 656 3534 1792 3715
7 2571 2538 1323 1864 6064 2331 5230
6 4637 1090 8566 7628 5486 301
6 1515 5086 3398 8693 4442 2376
7 5744 5189 3435 1779 6743 4548 3380
7 3869 6466 2651 7341 8242 9644 6993
5 7198 2480 8933 2354 5174
4 9851 7494 5308 7801
8 1066 9965 3138 601 3130 451 7918 6339
6 7928 4794 8445 3451 3556 9997
6 6952 6160 2828 1170 1146 1544
4 4894 8059 9186 5127
5 8965 2602 3494 2701 770
5 6780 169 5021 5475 7310
4 6321 4182 418 124
6 9935 8642 4764 5872 7697 6016
4 4948 4153 9483 3984
8 2917 9306 2711 9890 8434 7691 1856 5370
5 157 8219 6041 6109 899
5 3329 6222 2977 2965 4160
7 6110 9140 4207 5557 2938 7500 1473
8 297 5598 8055 2742 9751 2248 9231 8891
4 7013 5986 3023 1813
3 8670 4287 7820
7 7475 3758 7188 9952 7403 9953 6492
7 3572 6119 5858 1651 9501 3115 3899
4 1192 6313 9908 5316
7 6044 9325 2869 6971 5622 7651 18
8 4309 5727 4194 8681 7000 4777 5506 7742
2 7325 4611
6 768 9806 4525 1949 6414 6895
5 945 6141 8682 3262 5623
7 9852 7406 6541 2989 5384 6176 9714
5 8509 502 1725 732 4390
6 6547 4965 4089 6684 7170 5848
7 9216 6851 1384 7364 4857 984 9169
4 8024 4228 4072 4052
7 9523 6438 3685 3829 40 2454 3762
5 5693 3849 5381 908 3088
5 7862 3541 9313 6463 7472
6 1438 6381 1079 7164 6306 5138
5 8978 8462 9127 5559 2013
4 6150 4056 3578 7235
5 3236 3891 9071 2330 1546
6 2356 7373 4877 6475 1451 7437
5 9544 3513 5915 2996 6441
8 4885 3786 2385 1008 3963 2621 7023 4308
4 719 4821 850 7641
6 6403 4788 6062 9175 1035 4310
7 8149 8302 6199 2981 267 8026 7458
7 6694 3655 2511 5920 9284 4876 5294
3 7229 3358 1948
4 6252 6122 1786 7813
7 1543 5615 4815 8782 1891 628 302
5 1315 8435 6101 7793 8047
6 6654 3148 3629 5771 2020 6377
6 7320 7020 3122 4369 3246 9906
5 3988 950 2180 4006 8265
5 769 9869 2453 1750 5334
6 9393 854 1252 4770 7800 6099
6 3607 1002 8761 5101 5152 4962
5 7293 7759 5124 6382 4568
5 6794 7243 7434 7065 5239
5 9698 7253 742 6687 7705
8 677 7314 6689 8629 5491 7631 8688 1190
3 3471 7347 9824
5 7070 6922 8945 1075 2157
5 1305 3555 6293 1431 101
7 2432 1512 3176 4115 1143 7781 5653
5 2106 9705 8373 5223 3349
6 8204 7692 2979 1504 6947 4554
6 2920 2056 9139 4660 4567 5646
6 4214 9137 892 1346 9774 5342
2 8227 9025
5 700 4494 1111 575 5634
8 5445 7088 8449 3364 1314 7295 3613 144
7 3743 1530 6202 3966 8876 8148 6287
6 1528 6361 3051 477 5479 8441
5 666 8042 5699 9651 5883
4 6039 2497 3776 4231
5 9020 6575 5394 4466 6750
5 5113 6645 5457 5827 4929
2 7468 9329
7 920 9549 2132 826 9089 346 5973
4 8711 5885 8237 5141
6 3253 8102 1845 4406 4465 4319
6 3527 8085 4654 6846 3301 7568
7 6901 2026 2963 8962 6893 2882 9189
3 9550 7490 6015
5 6115 4659 1914 1611 3611
5 7640 3830 3790 5572 1969
7 6135 417 6967 4930 8450 9798 3111
4 6456 6307 5087 3936
8 8329 6536 3119 5291 2153 3001 1174 5179
4 311 2305 196 9609
4 2576 7464 9094 8463
8 6783 9974 615 7548 7610 9279 7204 9690
8 5192 1097 4842 8158 8191 9225 3563 9915
6 1993 5324 3817 4171 2284 6348
6 563 9052 9556 2407 7930 3126
7 268 8675 4233 8786 2551 8821 5531
4 8773 909 6988 9922
5 84 489 3362 4395 4716
6 190 8795 4117 9943 8704 265
4 1209 1465 3606 712
6 1492 5601 382 9884 4745 5003
6 9888 7956 7685 4003 4985 2583
9 1978 856 3839 9948 350 3151 6539 914 4803
7 5018 7186 41 3334 1218 3483 3848
8 9675 109 6718 7787 8731 3007 115 8142
5 1815 7438 2016 8084 2814
5 2296 9707 4017 2662 438
7 1664 2566 9402 8173 442 576 2049
4 5299 7575 1505 7202
7 7399 9805 3036 1700 2745 7671 6448
4 8271 4502 1221 3760
6 7318 1363 1912 4874 6230 2055
2 2418 6
7 8518 519 1503 1332 2272 5621 7719
7 606 3855 376 6982 3131 7559 8371
3 3457 8088 6302
8 4379 5948 8708 2536 6485 9199 4712 1652
8 6807 6123 8728 7442 4953 4635 71 5499
6 7952 24 5295 2907 6812 1408
5 8630 9503 2275 524 9750
3 9121 7480 3836
5 3444 3426 1263 7298 8249
4 7913 6630 3360 6631
4 2384 5346 4747 4641
7 7429 7768 9289 3939 7152 2373 5731
5 8292 3840 9838 9379 8389
6 4377 825 164 1534 8756 8677
3 4829 3905 5197
7 2949 423 2316 1803 2760 5526 6594
4 4059 7196 1785 6063
4 4679 2078 7233 3185
6 9084 6327 6198 4493 1519 5867
5 8578 9623 2810 2186 5825
5 8703 8878 7931 5518 2145
7 1138 2512 7451 2293 7207 3752 2767
4 4435 8588 6582 9360
6 1992 2881 4907 1688 3242 8139
5 3580 3616 6762 7098 1087
7 445 549 9166 1100 9394 8750 6876
6 5497 4112 4873 2412 3536 4649
8 4094 3281 4428 1625 1311 3210 9843 4162
5 4839 5856 8555 6378 8000
3 3654 3399 6911
6 1335 6003 1480 4629 9253 9614
5 1178 7080 9732 1858 7953
2 8890 0
9 3156 2465 9078 5686 1251 8617 278 6460 5669
5 9913 5934 1944 6720 8226
