27 1434 1925 1924 9636 3036 8176 6427 3984 5757 184 4844 5830 3807 3700 8490 7737 1736 4389 8459 2605 7945 10 2248 617 3758 6320 98
29 7297 4238 8481 1818 7625 9484 1293 1854 9439 5439 2083 7268 2923 8813 2114 8990 4240 9570 4868 7127 562 1814 708 6273 5221 497 4274 439 511
30 3452 1036 6869 3949 2591 8914 6535 1423 8862 6814 1934 9414 1853 6323 2593 1906 6400 7943 1065 4781 4439 8748 8433 4155 455 3842 47 7852 5398 7756
28 1574 4057 68 4415 3291 5696 3033 4642 7927 2689 3280 3434 6187 751 3657 3047 505 7999 3031 6247 6243 1232 7956 8203 5593 7004 4708 2611
26 2091 8579 8566 6313 9899 6395 8418 6847 8623 6773 1321 8591 3382 6338 4421 3886 7881 5272 3394 727 1501 5571 4666 5926 8236 8887
27 7855 9787 3763 309 8266 4175 2450 9870 1092 8815 8106 2316 9311 6448 2695 4103 5131 9016 1733 1335 9449 8104 4905 415 2371 2291 4962
26 5939 6785 1140 3932 5945 6007 3299 2538 5704 2116 7712 6228 6134 5539 9567 4372 9511 6834 8888 8010 6086 6761 9535 8918 6942 9410
27 280 9441 9755 2051 9097 7944 6793 4396 1120 4374 8536 2984 585 4750 6334 8087 5617 8525 4429 4982 2190 821 5665 486 7843 4832 1864
29 7205 6959 479 6620 6275 4553 8831 6244 8791 1603 4542 9548 7009 6954 6399 580 5373 6302 1720 3973 2208 5871 6642 7567 3841 5711 3138 8216 9932
25 7642 7606 4099 5349 629 9229 1420 8518 5506 4031 1849 7785 6829 123 7558 9140 4453 7634 7504 3270 5085 9576 6495 4866 1648
29 2146 2648 4581 477 8615 9258 1631 3040 7316 7993 3544 9327 7942 1960 9501 4637 369 3512 2692 2312 1743 6297 5762 3257 4061 6667 7008 3472 1185
30 3562 553 4824 5968 6868 8234 6990 6446 8486 5045 7767 3191 8661 2370 3514 1832 7499 6438 4842 6140 7797 1850 5494 3947 4450 1404 4695 4682 4771 519
31 5254 5049 446 9236 498 9735 5116 5542 8478 5315 4145 5763 4064 686 4511 8691 5962 8650 9483 568 8529 3261 9758 6468 5933 8427 8789 2627 7966 1484 7534
26 9243 9561 8885 3764 1055 6815 9457 9851 74 5514 199 2878 1553 7962 245 5541 744 4786 1008 8163 5824 2437 3154 4291 1672 8096
32 4501 8078 8431 9130 5574 4495 2920 7541 2106 4289 1802 6183 2897 5441 3147 4813 5646 3650 9671 17 4499 9530 1159 6031 5684 3862 828 2422 7951 8061 3529 5707
30 9475 9498 1348 5387 6032 9190 9803 8076 6236 3018 5314 4579 9332 345 7118 1068 4737 4496 1231 4541 4770 5663 9026 8408 2197 5728 566 7938 9995 7796
26 2517 626 9459 2535 4005 4673 252 6412 3058 3124 2165 3894 3674 8773 8133 3204 8331 6023 9341 8449 1357 7463 4961 3305 119 6576
29 9211 7494 271 1691 1644 1465 4313 851 1167 5293 5904 3850 1695 7157 5006 4080 3013 8259 2988 1334 5892 8405 8852 2618 8555 8810 3030 5836 9343
27 9194 1424 2583 5241 7323 2768 5323 9725 6084 8760 741 865 430 2032 183 5565 3869 1640 8692 3617 1782 6 1509 7261 2850 7908 9577
28 5876 3815 7175 1909 9621 4082 3997 7142 7597 1671 3606 3453 8278 1482 3054 7725 1352 4493 6195 2688 5468 1381 2079 4416 1396 2915 624 6172
28 4077 3911 8875 7449 288 8681 5201 3037 6344 753 6693 403 1166 5767 3470 5447 6968 9337 1984 4572 5358 4999 6619 575 1967 2386 8351 4576
27 9543 3460 3027 9627 5022 9936 1151 5838 9690 7761 3277 7400 6582 7554 1879 1052 7622 5340 8138 433 3221 1479 427 2170 4586 5851 6906
27 3832 1492 1860 6718 5368 1865 7777 9495 1545 5279 4092 1188 6433 9673 5485 2307 6054 7640 4308 4537 7902 6053 8981 5257 3901 4364 6091
29 2698 8903 9951 2752 5744 8285 1222 8441 9437 2735 3315 6310 2390 9763 1905 2658 7673 6759 1684 3915 5544 6391 5243 6769 6534 4380 3092 2267 531
24 1125 8513 3 4817 2301 9880 1639 2055 1880 8008 7346 95 3837 6877 8827 742 3564 217 6774 3224 9476 9916 4767 411
26 3104 6093 4214 6407 795 9391 9540 2158 8123 6171 4906 916 1771 5695 335 2246 8403 9114 4620 542 754 4688 2441 1739 6843 722
26 5160 4951 8733 9251 3707 2036 8410 107 9531 7243 9029 9218 9862 3801 367 1616 4800 3880 864 9333 6593 7119 2311 7729 8683 819
26 1824 701 1835 2144 221 7607 6944 8532 7484 1163 8826 6388 4992 9757 9021 3329 9471 8795 1180 6477 7977 1254 2088 8774 6810 7207
29 2586 7511 1191 9492 3575 69 8872 5318 5446 5916 2892 5070 219 7370 8963 7088 7702 4434 5252 2292 1394 9206 9167 9277 5110 2123 9505 2901 5823
26 1048 188 1745 2506 2966 3443 5360 5401 5322 6574 6927 8616 5664 9931 1057 3004 5415 8233 1234 6679 7055 2626 6901 8501 3059 2249
28 6257 1816 6973 593 3722 6817 7605 7415 4792 6191 8665 6143 8109 9252 5652 4934 9040 5487 3718 3189 7665 2336 8202 2883 4490 6404 8037 4678
30 6319 90 8017 128 6864 9884 2358 4903 3830 4588 7869 4577 1908 5442 909 1936 9668 52 2521 9807 5607 1703 9063 4907 8823 5747 5633 5712 5227 5193
26 9740 3302 8543 6844 3783 6057 883 6233 5311 5603 9983 2314 4199 274 7912 2564 8419 1157 1902 9306 7523 4615 2537 6783 3202 5002
26 3492 256 8745 4474 5522 4472 5742 3905 7765 7352 2412 4375 9261 4276 982 6466 7832 6346 8825 2529 8648 8637 5780 7362 4502 4361
27 3636 1893 5492 8324 3380 9268 2242 3348 4325 3300 5501 2188 3360 5015 3180 645 9174 3253 3736 1384 9132 3483 2046 5276 2985 578 6405
28 4260 5130 4769 1855 2024 1004 5457 9415 3192 7614 7753 642 3695 2010 6629 7676 8116 5672 3732 5554 1949 3358 7933 4721 105 587 8978 7471
28 5383 3312 2169 1422 6493 9719 1750 6218 7693 1302 4665 7076 8604 2500 3896 2821 1391 3325 8496 148 2764 298 4993 9193 940 2059 825 2388
28 8299 7569 9128 3744 9027 2609 7790 2832 7291 636 6098 3132 8475 9047 762 7410 7325 7168 7862 2074 5657 3478 2093 9705 3663 6673 6371 2254
28 3775 3659 1278 8162 4152 2622 9848 1344 473 6711 545 3629 5993 1701 3250 4955 2341 1403 7079 2974 3933 242 6489 8763 6356 8105 5774 7348
30 1813 5149 2365 9366 9891 6563 5313 9223 5176 3532 7610 933 133 376 214 2110 2972 8230 3445 176 2871 1078 4449 4108 5515 6222 5471 8416 9841 2994
28 7576 8492 7394 7011 8237 2137 163 1994 9059 4828 1643 3955 4081 5947 9716 4226 8226 646 4670 4225 8626 6019 9508 3614 891 5317 9607 8696
31 5266 5837 2557 7516 6005 4983 7650 9302 9491 472 1168 1680 4601 9060 3961 2740 3359 6396 5205 4711 2816 1019 7512 5300 9082 2844 5907 8585 1551 6830 5638
28 4049 2793 6294 4400 6211 6622 4745 3784 615 8245 8350 1460 9233 6742 9299 7196 4902 6678 1043 6937 5203 2905 9253 509 4287 4412 7608 1778
28 4949 5354 9933 5658 5 5796 4116 3158 5146 2071 5329 2891 2044 1452 3616 4538 5495 8869 6700 5788 3307 7498 7659 8018 5161 1678 3403 2155
27 8372 1113 6474 4933 236 9107 4263 6185 7824 2408 5854 6996 3464 8975 1456 444 7684 5421 7686 4920 880 2398 4196 818 2306 5877 5674
30 8669 4088 9506 2578 8549 7016 8958 2794 2679 9994 1189 4021 5249 3819 2656 6414 4113 4043 5003 7083 608 2002 8881 5341 160 5261 6751 3956 5970 7417
33 2823 1712 6635 1863 1053 9139 4716 8454 5302 6764 6215 521 5964 7873 855 4215 8752 8713 6607 3129 8336 5419 7141 3976 4016 7204 6848 7967 44 2834 2881 4437 3876
27 7186 3505 2940 2860 3238 4231 7931 3362 3545 1069 1948 8185 9359 5409 8614 3596 5060 7023 5194 2362 8312 8388 5342 8081 4913 2481 2678
25 3720 551 9202 854 5258 4093 7379 7078 1852 1708 1032 6735 7809 1636 6930 3571 649 8839 4451 7293 9108 3727 581 2143 1099
28 688 7918 8503 1776 3703 3858 2562 168 2867 4431 2818 5219 2845 7167 1567 3418 9066 3852 1216 7145 2875 4012 6335 7583 8165 3349 3159 5208
25 6812 4390 108 9150 5912 4377 1009 4025 4938 5687 648 4582 1589 8842 5477 4610 9534 8161 9298 4912 1538 6867 3218 2007 6588
29 660 5703 9031 8400 4757 4636 7116 1229 3904 9949 1549 2943 6138 3011 1662 2979 9852 4534 4187 7550 3230 579 1633 8520 7713 2008 4643 1268 4747
30 7229 1468 5903 6936 2555 7176 5079 6286 1174 8493 8318 6252 564 6145 5132 1873 4157 8764 588 4202 9946 5620 3032 7454 3838 344 806 451 7270 8307
31 5645 9601 8625 3612 1923 216 3243 550 2989 2947 300 7596 9651 777 8124 2837 6991 6617 354 7103 8300 2180 3793 6241 9977 1347 6141 2329 3906 7165 9941
26 3265 5952 6155 7543 5400 9200 3019 4251 1730 2331 4497 359 799 2342 8759 5741 8396 5139 9926 2588 695 9766 1834 7930 9152 4184
28 1472 4634 5908 9559 1969 7381 185 8154 2499 3234 3407 6386 3393 8883 7623 5076 5692 8056 2665 7193 6101 1447 6080 9637 8935 121 9349 5666
28 8394 3169 3694 7603 555 6994 1759 8274 6225 8877 3174 8639 4420 8279 3786 270 4525 6124 6900 6401 6081 3691 7101 9069 9347 4548 3334 3082
30 9488 5889 3149 9816 8957 2748 1368 9324 9442 2629 7838 8956 1056 2811 4011 2551 4414 8757 2272 4491 4755 607 9523 1800 2862 7521 2911 3970 4605 6148
29 482 1143 7335 4311 5598 7986 393 8937 4117 925 9375 7082 2852 2056 3753 1063 5737 414 3046 5778 9938 6723 6501 6688 4877 5386 8270 5204 969
28 2191 5503 5669 9785 294 9629 3917 6919 4017 2078 5124 292 2153 3730 539 1458 1511 2899 6336 8705 7034 8326 4741 6943 6068 8412 8387 4915
28 4760 6154 3260 2418 1220 7151 422 6411 5253 6615 1218 6918 5137 5894 2800 1507 5648 1351 4482 4359 8059 2471 1481 1685 621 7968 9829 2623
28 9714 9868 5917 4219 3757 682 5396 1127 4110 9267 8511 2100 8769 7941 4343 7001 2193 56 1488 2407 9701 3967 4024 9514 5560 1227 120 4690
29 286 8170 2399 2815 9096 930 1784 3090 8700 8131 5175 4684 2577 7025 3495 5239 1336 5399 381 3566 672 9744 9301 8940 7332 5809 2400 8715 4916
27 8546 2890 5206 1175 2221 662 9380 5058 4062 8505 4379 3449 2730 9616 5505 803 6343 5602 8863 770 4651 7998 8846 3985 6390 7747 2480
29 6261 9447 2069 7173 2469 8584 7086 6212 6328 6409 373 4140 5828 4294 278 7909 6940 100 2662 8674 9649 8188 8112 7477 3687 556 1638 362 647
30 2922 1271 276 6790 8250 6822 4627 2433 4694 358 9973 2522 8260 3798 8038 6692 131 9674 2321 8996 3342 5641 1510 1331 6662 3208 6203 5275 7655 1868
28 2921 3756 2874 7109 4053 5896 8737 5760 5502 3785 2474 4019 6018 1467 8007 254 5642 6905 9070 6035 7226 2476 783 5158 2731 3226 2523 8629
34 3491 493 4349 7794 5846 5128 5308 6922 2323 2334 9425 2552 8147 3494 567 3849 2080 2151 3927 4738 1806 1582 4806 9275 767 6116 9881 809 5882 3457 9731 8784 9827 7414
29 3766 27 9227 2000 779 738 3541 2322 3654 5856 8013 5309 858 9118 1838 4883 2568 5150 1656 763 4333 9521 506 7228 8219 516 5513 2952 2681
26 7901 8227 2350 4084 2239 5435 1777 8876 9093 4124 4290 7355 4985 8761 5356 5643 8587 4853 1476 9171 351 7121 9030 9094 9882 9418
29 7382 4392 7380 5566 2013 2126 4677 684 3417 4457 3774 8122 9677 1292 4925 57 5072 7932 9266 4972 5328 1311 7666 1958 1881 5491 8583 1990 6422
32 94 9157 9584 1192 7183 229 6580 4948 6470 1310 1427 5059 6586 4101 4658 6552 2464 4167 1848 66 7098 7920 317 7987 1628 1716 2885 6022 4827 6969 8964 8392
25 9858 5966 2767 9874 606 6738 2064 1089 6606 223 9739 6510 2019 2225 1088 4669 4399 4464 4899 5518 9924 9041 9045 3957 5987
31 9014 3025 6475 5545 6699 4156 7845 2352 8564 3318 5512 9853 1519 70 5530 1244 6836 9666 3799 1973 2133 5630 9693 3725 6886 7714 2718 8011 6573 6561 8385
28 654 1752 6603 1410 2756 3412 7087 3558 2318 5189 2846 4564 1962 4128 6786 6904 7975 2192 6118 7451 11 737 2938 6059 9900 3633 7319 2107
31 1386 395 8592 330 6910 8701 703 1440 3480 1610 4201 4212 1489 6024 1451 844 1392 5755 5422 2319 1291 4285 4558 8411 4267 1731 4631 860 836 3057 2423
28 9443 3772 5794 2 931 8027 3556 6912 313 7091 546 1630 2373 4160 3389 5081 1732 3853 1803 7425 2199 1129 5764 6076 3045 5216 9786 2084
28 2234 8383 1842 4259 4717 5520 8992 319 2027 8238 2230 2320 4002 55 3944 6591 1887 583 923 279 9000 6158 9225 9865 677 7474 9555 5644
32 9049 8121 5984 7744 1049 8445 2058 4722 81 6553 6188 3565 2397 7288 8807 6998 4146 7365 5957 6695 9512 3809 9479 8838 8075 732 1486 4352 3645 4707 3913 6164
30 9814 7448 6687 2930 780 5901 1282 9393 5843 3892 6454 2262 1621 99 9830 5479 9922 5047 3966 9357 2934 2025 942 3649 2749 5870 7478 9866 8180 2451
30 2772 6638 476 8952 540 1462 5857 6616 9183 6300 6860 3262 8967 5451 2413 6670 9098 6628 5464 2997 6349 162 6420 3996 6040 6838 3041 9968 8932 6479
29 9328 2496 6720 34 3682 3951 5148 2710 6437 1944 8462 5508 1889 9370 9367 1504 318 1341 2596 3142 4233 3689 2392 7220 8247 3583 3868 6974 2894
28 6198 687 5129 8751 1659 9961 956 9406 7393 7955 4720 8938 231 5581 7124 9877 7779 4752 454 5141 6592 9399 347 1937 4872 340 7533 5885
27 2209 5595 5613 9042 2526 6520 15 4355 7392 2613 4229 7466 1935 4423 5732 1173 7221 2379 9473 329 3561 3995 4075 8077 9474 5950 2783
24 4852 4994 2304 6657 9565 2470 3215 5071 2955 3553 1796 5833 6450 8901 4470 9676 4668 6691 6548 2072 6745 9398 9645 5690
27 9662 1130 4944 2640 9384 3836 365 4205 5235 5028 3392 9092 7989 628 7035 8498 9262 6827 913 728 8853 3066 2819 4735 6633 4881 8753
28 4830 5197 665 9967 7249 8910 7022 3479 685 4193 5023 3194 3146 7560 1102 4761 1536 3376 2026 8098 7535 7565 7892 8633 7711 396 282 4978
29 7781 8969 2140 3851 434 8178 841 5822 9634 1233 644 3893 1249 9091 2326 4893 6512 2473 9401 5164 2159 8456 4608 9613 2616 4268 7997 8265 3227
32 6897 4701 7611 7020 2085 7842 9790 1299 5274 5074 3813 8889 9216 8231 7860 7199 7795 6714 7438 6792 3263 6645 3900 7224 2483 8535 7152 3406 3931 5432 2016 1289
27 8172 3611 846 3181 5310 8052 1210 2346 4672 4348 901 9815 2948 6025 125 8780 112 2663 5931 7372 2172 9536 2491 8965 2268 1503 9204
31 3233 4574 3765 6416 8699 1772 3292 9831 674 1370 2021 1121 3454 8611 8721 8255 9453 758 9596 8276 4924 7064 3539 7 1699 4463 4042 31 2105 6650 7492
28 9764 3968 5127 3177 9416 2782 5587 3297 565 670 9793 778 2887 1847 6749 5758 4149 8041 4513 9085 4859 5873 8902 8803 6161 5928 4235 2149
27 4967 8698 1805 3867 5456 7259 8050 6547 1980 4990 4153 9043 8338 4258 7155 9297 8671 4211 2773 8664 9318 6661 9032 7164 1237 4897 5988
26 1788 1285 3172 3139 9754 9055 8256 2843 1096 881 5411 6544 3897 8135 6039 7476 7685 1208 9433 1378 4222 6637 3601 6442 5361 9510
27 7132 8447 5115 2293 4018 4104 1165 8968 425 8974 5413 5811 3290 6114 8035 9002 5924 999 440 9644 4445 3023 3572 6251 1601 1345 4300
29 8085 2265 6003 4123 9721 8442 3871 3185 141 9970 8894 997 6238 3094 7953 5104 6594 700 3419 9316 2702 7057 2787 5099 88 892 3289 7934 7775
23 4494 5721 6117 7177 6304 5223 1996 7036 9051 6176 2982 6837 7733 4706 8856 8054 2366 6981 1812 9586 7861 966 3634
30 8653 6265 6092 7120 7723 1441 5177 9240 8603 2243 4292 6862 3817 2382 4986 9222 2645 6170 9709 8537 8684 3569 4816 3538 9813 8712 8750 9580 1773 7527
26 7179 5537 4910 1236 2574 5343 1525 4281 6085 2354 3609 6851 4492 9717 3085 1400 8208 1072 129 8136 5776 7616 3946 8731 7654 2288
28 4467 8128 4318 1260 7719 4478 9310 3069 4864 9760 7983 8284 8015 4090 14 1606 4010 1613 3414 7570 6047 9493 2340 2214 8376 7435 5562 2497
30 7337 7694 5583 4587 9397 9648 8182 7472 7771 5592 310 1721 2540 169 830 302 7428 5750 9875 9195 1107 9602 8275 3752 9374 6972 7970 3101 3422 694
27 9053 474 7309 8053 8575 9585 7960 3156 1837 8931 6941 3175 3034 8860 4365 812 1376 9920 1569 7818 1989 9377 9557 1266 769 6626 4539
27 9696 9445 8781 4966 7144 4144 679 5084 1668 974 1097 6908 664 157 2527 5958 2200 7093 8563 3115 8735 7734 251 4936 7094 6865 960
26 2452 436 9695 9804 5855 6819 5188 3079 4545 4388 8055 2643 1303 32 5519 6376 8310 8984 6803 3294 8818 6818 1385 1714 6159 4254
25 3123 5941 5209 9702 1442 1300 4942 9898 7580 1622 594 2092 178 2581 2508 1346 370 7571 7182 7905 5232 8485 5795 1697 7722
27 8502 4246 5475 8049 4165 3804 2129 996 4264 9839 872 387 1963 639 4051 6249 9779 2515 5004 3469 5686 2095 5466 2904 8068 5418 6301
27 8896 3873 5483 1597 4009 6731 5171 6280 1317 569 1797 3317 305 2278 3639 8866 1970 6381 8822 7250 5039 6797 7738 6833 7322 6088 233
35 934 3425 8654 1196 8432 273 6459 1961 5102 7878 2179 6824 6820 3490 5701 1023 1029 8762 1726 6653 1117 5899 3776 6394 122 1945 8229 3990 9503 3729 2926 6311 1615 5050 2406
29 9861 9826 6669 2649 9606 9322 5166 1138 3604 6523 452 6997 6367 863 1409 1918 5810 5816 19 2742 1658 2443 2856 8510 218 1449 8305 6157 5033
30 2156 6879 9756 2482 1123 873 704 8649 2624 8577 822 7816 781 6915 7099 4488 2889 9560 180 5627 7826 5626 3861 5719 3098 1287 8749 2119 5007 3232
28 3187 6982 1359 5938 5156 1758 2018 6519 2310 6276 8358 4818 3846 9664 8915 5540 7212 297 1265 8662 8342 699 5091 1375 9642 638 6269 2367
28 8453 9988 9440 7552 6889 5460 4096 6393 2175 3176 3035 334 3778 5994 7290 7307 9513 2029 7507 9684 5558 315 1576 8893 6332 6755 3857 4188
26 4904 5524 6992 3811 4622 489 8991 1411 8783 2286 6590 7830 7043 2300 8210 1213 3244 4554 3087 8622 8306 7730 4820 6842 6546 5921
31 5673 1330 4239 6925 5516 6177 2096 8000 9274 1532 3402 9654 5024 1968 6345 6726 4740 8367 4861 829 5061 9102 458 6771 3352 9124 6533 1209 2273 5635 8670
27 5801 1566 5467 9984 6278 971 9546 106 9270 5010 893 5282 8512 1223 1094 6706 3370 4693 2270 9396 5143 963 7376 7281 7856 1928 2630
30 2830 5370 1983 6363 4697 6618 7866 9182 2303 8689 4544 2857 8089 6026 2372 7172 2224 4321 1502 4159 5034 8473 2196 2363 8179 464 4580 8782 9015 5953
27 3363 2332 9039 1325 5210 6634 4083 9126 5425 5304 3228 9964 8435 7491 2970 2108 3824 2216 6641 8157 8252 1153 5812 6011 4683 6960 6216
31 671 6595 7982 9052 3323 4976 8754 5167 2136 7592 2194 5975 6708 1256 8573 6780 4098 920 4033 325 6739 9614 8071 8635 7619 6583 5380 7090 5787 764 7690
29 9246 8971 3681 8073 7416 1907 5619 3335 4858 3711 6567 360 4921 1709 8844 8248 7557 3073 1632 3754 6839 2861 1332 5992 1277 1333 9767 9431 124
31 5062 7245 1531 3598 4436 1197 7279 6566 8718 9289 6436 7046 3835 7939 3127 3246 3477 5546 5982 4191 6127 6870 1296 8922 5359 6499 5196 1010 9444 1791 85
29 9282 6425 8415 3333 6152 6322 2673 6562 5935 743 7802 3456 1406 6502 6451 7159 604 7823 268 5605 8457 3739 6858 8192 6465 1518 467 655 7234
28 9692 2711 26 9224 5612 8464 9462 147 2744 8834 5012 8943 2590 5600 4551 1496 4054 481 3945 2726 4709 748 6066 6478 5459 5294 1327 2494
31 3902 7031 7636 9568 3405 3755 7028 5168 6277 3986 527 1034 7130 2704 3409 8221 6611 7129 4987 6333 1463 7391 4362 399 2667 4297 1270 4353 9650 9163 7264
28 1187 9361 9699 4710 1095 6112 1689 8398 1259 9529 3435 1128 3923 9390 4862 2364 958 2164 6949 7198 2117 3219 2054 7923 3345 5897 8945 6441
29 3240 9718 7015 2847 3462 4408 7239 5863 2917 4630 51 7122 4147 877 4546 4424 386 7635 6285 8357 3613 1017 1811 7618 3993 4947 2789 8898 6413
31 1959 8545 5865 7384 8586 3919 4252 250 4194 7670 9089 8857 2066 5840 1358 8129 633 1169 1623 8199 7646 776 9603 8030 3111 7518 9698 127 5372 6806 1199
27 4114 8406 3501 6245 1429 208 2908 5301 5119 2986 1003 5909 9455 9810 2006 9595 3638 6004 6964 8785 3910 8058 5937 573 4461 1690 7936
29 5955 8710 2570 1257 9974 9599 9329 8249 8477 9835 353 1126 7005 7587 6757 9630 5199 8119 2453 992 1355 5364 1669 4360 5536 2516 8317 1946 4275
27 3423 4754 7698 9120 158 949 4358 1602 4647 3110 7336 7429 6337 7831 9232 4843 3327 4991 4863 8676 3597 8962 9633 1295 5285 9724 3767
31 6330 816 5041 1205 3150 7894 2747 8970 2728 8264 7390 1360 5601 8047 6224 8413 6192 8675 6701 5790 2333 6064 5616 1324 1506 3424 2505 7726 4956 6061 9403
26 9038 3210 7724 1737 62 9533 5406 9737 5384 991 5281 2743 8630 3211 9411 5989 9345 7821 1729 7465 1374 7617 9542 6217 503 496
27 5832 839 2836 7475 3623 5126 2770 530 363 7503 6705 6999 2900 4045 4139 9122 8480 9896 463 1624 4142 5676 9291 6136 3083 1653 3708
27 6570 3288 3551 7219 6444 1093 4950 8316 2028 4079 3839 7258 673 5720 5040 388 7447 5929 4206 206 8739 9878 731 7788 9071 8879 7996
31 835 7662 4922 9942 7487 1066 9095 9147 35 5610 1725 2511 2558 2052 5890 8686 2981 9325 5484 241 6768 2484 4073 5089 1857 4908 6181 8895 9723 6480 9604
29 804 5532 2736 3411 4323 3465 8812 2337 7709 1290 7432 109 6601 6174 9196 7778 3641 3056 2118 4604 4939 9402 4336 4681 2211 3840 5481 9838 9784
28 3190 6683 5245 6284 813 1342 6559 5142 8917 7330 39 2463 9769 7075 2708 1950 6736 5458 2081 9663 3140 4663 4105 7089 2067 946 6173 2338
25 7545 5914 7397 8697 1250 7768 5861 5222 2647 6646 2204 4723 9448 4059 7040 1252 5414 401 6342 2597 6324 6920 6490 7921 1596
28 7320 3179 6640 3524 2916 3225 4452 7024 8728 6672 4825 5330 3672 8578 6353 9776 6863 438 2958 2240 1110 3586 7687 79 8986 3120 7315 5738
28 4801 389 1038 6482 3306 7728 9241 2135 7526 9220 3882 5397 3743 1799 71 6508 8348 6539 4648 2420 8524 7530 6560 6339 3779 448 6542 2907
29 9284 8948 3316 5207 3696 1276 8897 6978 5821 7062 2513 9857 2465 9824 623 514 6758 5038 9726 1619 7780 6259 8557 5932 983 2866 8024 7805 3952
31 9872 328 2472 3844 9752 8368 1932 1836 1194 3487 9231 9090 7525 2826 76 4417 965 5820 263 6403 6106 3773 2035 5576 6840 3498 5173 3328 1369 3554 470
28 8607 6796 5476 4195 6410 3680 8204 9975 6361 7745 1226 5661 5848 2615 1353 8051 418 2806 8491 1230 9234 118 5785 4510 4138 4224 1150 7187
29 746 2652 3258 7798 1264 6876 2195 9467 4640 8040 7727 5083 9300 143 2967 6072 1469 8095 1073 7506 6095 7497 1912 4366 7604 714 8402 9544 2659
30 8097 5756 1976 5829 3560 2212 1521 5850 2961 7598 21 3863 7990 1919 2220 3108 8200 9564 7200 2723 201 269 9945 9715 6631 3015 9563 8290 9847 6511
31 1030 8183 6770 8143 432 3266 7976 1593 7988 3934 7660 5183 2289 2509 1206 3584 2617 8732 5971 9426 2639 3365 2461 6926 8836 5715 3547 3800 951 9296 3107
26 4107 8346 460 6255 7637 4628 5670 9084 8641 8258 9178 4835 2973 4148 903 2792 1654 226 7547 9048 1328 8515 8218 730 3106 9982
27 5325 2563 3060 5109 3391 343 1322 9781 619 3330 7928 9833 8149 8688 9409 5498 7373 1625 8430 898 3848 7770 6169 3796 5042 3080 4964
25 3590 3929 8118 7367 8833 7441 8541 1193 8602 7068 1144 7298 998 8329 8908 3885 342 4154 8344 2285 4320 4346 2099 9918 8465
28 1817 5608 8297 896 2701 8756 9675 6329 3398 413 532 228 3759 6182 2549 9734 884 2128 6087 7786 3749 2579 1112 2454 1943 7764 4875 9600
27 4469 1746 8927 3503 2479 7482 8820 1804 3513 6652 3865 2132 9412 3635 7919 5577 9893 6058 6894 1591 3673 7440 652 1762 5489 2213 5178
30 2139 4303 4807 2263 1024 375 4730 4048 3683 4691 4652 7423 4882 4032 6483 5718 8972 6884 9509 7357 3337 7266 6131 1966 640 9950 1446 6823 2431 7820
29 6021 9037 2244 3009 8954 8726 1245 9554 5133 1694 4892 7459 2235 3220 8871 4232 2951 7189 8429 9199 7274 5792 4505 1728 889 9064 7741 5054 6065
31 8598 8039 7030 4870 906 7286 4015 9753 4885 9317 4306 3298 798 8191 1870 8787 8168 4118 595 8379 5866 3935 8101 5995 2865 2115 7807 5685 8539 3769 1993
28 4960 7704 4458 8950 3762 5525 7467 3780 9658 4888 1395 8801 2389 782 9729 7626 5733 1366 1026 4731 6733 9486 1583 3988 9463 3074 2956 2936
28 7735 4071 3679 8438 659 1612 6369 8001 4432 3340 7536 5404 6951 3321 6772 8373 4094 9985 9944 5572 3357 7263 3022 1529 7505 1634 5845 2719
26 9151 3171 5898 4455 289 5138 7349 8588 2909 4262 5694 1176 9902 6282 3971 3890 840 5431 5623 4569 9181 3998 9208 9869 6012 8009
32 558 7395 8949 7060 9761 2439 6676 7872 4185 6037 6318 6813 5347 4914 5306 5122 5095 5426 6365 2445 8028 9429 6514 410 4253 4979 8032 8197 9962 788 277 5410
27 3516 2636 5136 6258 2353 9773 630 435 8469 8593 8153 4822 3705 198 6362 4509 4704 6315 5179 8021 267 8160 7154 1263 1607 7839 2925
27 2672 3877 3656 7969 4200 6681 6299 5739 3167 9771 3637 6581 9217 6545 3043 4656 9783 6604 7403 6568 897 3521 4927 8660 9971 9404 5107
28 1587 9155 9820 9408 5051 4314 2531 5772 5637 9056 2183 384 7949 1952 5230 802 4645 5927 495 4245 293 5872 6260 9148 4954 5231 9161 8395
28 6950 4759 4169 7329 9632 3259 5066 6105 8828 9798 833 8347 9287 1103 5259 6384 2929 1578 4330 1200 2356 7140 2987 2927 7156 8187 1954 2879
28 2993 7793 8356 6509 9076 5949 1677 7406 9990 7117 5036 7345 832 4161 8597 3287 9276 4070 7624 3792 1084 7092 4426 8802 3237 2345 7178 8114
28 2368 3632 7613 4006 7528 6746 9943 6538 1354 1620 8652 4869 4749 4851 475 3814 8804 7879 3252 7599 8719 9472 459 7453 5660 8792 6598 1445
25 8595 9336 2963 7721 7201 22 5496 9254 9363 3313 2924 5913 2817 4072 4340 7210 774 707 1251 3029 2638 7386 2031 5618 8694
27 4322 9460 405 3264 4629 3746 7054 610 6675 4460 2068 4952 4591 5265 9547 6471 8758 6387 348 4234 1155 1061 4367 6153 4940 4419 3580
30 929 9470 7864 5826 7865 8417 3610 1258 9885 1007 1329 9655 7242 9081 9876 5114 1598 8707 1471 1901 847 4508 8998 3676 6108 2784 8002 3958 6656 7456
25 5588 4974 5077 8339 1608 9772 7412 1888 4559 3506 5327 8989 8925 3269 4112 8837 285 1379 797 7501 9034 1305 4237 2215 7364
31 8220 8246 7937 3322 1417 9817 2841 2468 2950 7111 5900 3336 7108 3415 9552 3271 2283 7218 471 9295 246 165 3658 2621 5319 3084 8393 7166 7900 6149 3386
28 9888 6845 227 5668 9836 2101 8281 2745 7202 4040 1724 1650 9279 9326 7681 3499 7836 2910 5389 7563 4198 9146 6467 7306 6709 7029 2556 1911
27 1965 5014 7720 1590 5999 73 4487 8488 9314 6263 9067 5568 7032 1262 428 9681 8029 5594 4653 5745 520 948 2751 2514 6008 4963 2980
31 8561 4338 5195 1275 2524 2519 8006 675 9583 9461 1039 7672 1747 4179 9160 213 7556 1416 1 1903 658 8173 6070 1997 4664 6929 2448 2999 547 5789 419
30 45 1942 4797 2012 5086 9678 5682 7980 720 8912 3320 6210 6115 7344 8882 3461 9209 1161 2625 761 1438 4932 9265 3135 5521 4840 2829 5591 2561 7887
26 5046 552 4535 2253 8884 8634 5157 7405 9260 1899 7257 4547 6272 4218 6380 6306 2798 6939 3428 7017 9348 6408 6052 8070 796 5269
24 2381 7222 5881 8439 8320 6359 5159 2415 9500 560 2124 7740 2893 6350 613 6528 5563 366 2486 1995 7858 1705 4791 7049
26 7914 2803 2858 5965 6556 8257 5228 8687 4929 3670 6585 4430 3003 210 6418 4522 3184 8313 1649 4528 7469 7252 9667 7804 8240 8799
24 377 3860 7929 5632 7485 4795 177 1883 9818 4782 5974 2944 1667 1866 4106 5186 9088 5250 8014 8576 3859 8487 5375 3436
26 5959 4878 8590 4151 676 2201 4298 4385 848 995 4435 3488 8390 4943 5730 3960 9214 8704 7963 1031 195 3527 9679 4518 4685 1298
29 8854 4611 7343 5134 8829 60 2664 5671 9315 5748 1082 1309 5768 1929 7493 9617 9624 4498 5891 9516 8521 5449 3577 2360 7602 2478 9828 2456 7215
30 724 3937 3534 3899 3283 2053 4069 2541 6160 7409 2928 9855 4295 9844 4351 9794 6119 9046 7628 5923 7254 6608 4462 4176 4959 2778 196 7371 9643 4659
31 13 4433 5967 5462 7519 6231 7668 2536 91 789 8944 9812 7950 4284 259 5093 8422 1530 9427 4812 7070 1528 4427 9849 3163 7972 1316 9687 3474 2668 6614
26 8709 6931 4660 8613 785 1542 7369 2788 987 3603 2260 3356 5417 7233 5191 6521 3109 4742 5335 3523 316 2427 3717 2737 4345 4789
31 2163 9727 1060 5815 8936 3410 6985 9165 6686 4465 7891 888 7387 1754 8482 831 4335 6220 8519 9017 6307 2898 3017 6903 6254 3141 3369 8979 7107 1211 7540
28 8057 9213 5528 3950 8072 4597 8235 7163 576 1861 67 6137 4748 6156 5443 7053 5026 1584 3690 7095 8340 2831 1005 8772 8987 1079 7537 5561
28 4804 8184 5973 8026 6283 6464 3203 5639 356 400 2651 2720 5611 6716 2015 7013 7353 8291 4928 8359 7169 3699 8527 3274 3962 6447 7718 1851
32 9581 3209 5944 3519 1964 6600 8711 975 243 6522 6609 4344 529 3771 954 2576 5842 153 3574 733 3728 6270 9373 1827 7197 614 9101 4531 7553 8819 8470 9558
30 1141 2795 7496 4034 2914 215 1592 6727 8423 4736 2835 5096 3834 7589 2589 7893 9264 5154 4946 9005 867 4675 5217 7868 1594 7106 3760 2620 8771 4585
26 9054 8434 1339 9592 4286 4278 8201 80 1064 7190 1444 3685 7588 1664 2111 2113 3822 2112 4894 8280 3397 7342 1361 2487 6074 9527
26 3384 7421 457 7351 6073 1604 9708 7675 5523 6357 5480 1618 3502 7238 7630 9156 7710 3843 3980 3374 9713 7223 7772 1991 7885 8311
24 6613 4796 3198 9104 6748 6766 1674 4734 1028 9420 9728 3303 6398 3599 4085 4441 8181 3593 7139 3070 6660 6883 3918 5723
26 8090 9257 2305 2971 6123 745 5312 6163 4204 7906 7000 3879 7882 6530 1789 5098 1240 1940 8354 4403 1951 1874 1798 4674 869 3808
27 7849 1568 2855 8083 3733 5706 3587 8723 5434 3105 1526 9116 986 895 635 6326 9928 1523 6529 1843 9608 2694 634 8542 4895 5021 7917
31 9340 2086 2785 1734 5345 8841 7667 9407 6826 8349 4550 7473 4127 5963 9228 1744 3942 7385 1858 3162 7208 7170 8474 4790 9074 7280 5844 8743 6496 6898 341
29 5552 4765 544 9378 3954 53 7915 7513 8463 7784 5906 2076 907 8878 2759 6100 1840 1224 3222 6558 7311 9680 9221 2533 5402 8916 6947 6952 3818
27 8103 9957 7358 2141 5705 5348 9909 7561 3912 6531 3364 2495 1147 9177 6565 3805 9647 4086 5111 4133 2421 5316 9450 1626 9765 5717 1651
28 9106 4119 2182 1021 1809 6402 4887 1340 2477 1477 4489 1000 4293 710 2428 7171 4312 8319 3088 6083 7959 9313 9062 2177 3909 5667 224 6575
27 2805 3128 5886 8134 3953 7752 1575 7621 8036 4527 9562 1723 3273 1091 3926 8355 2485 9528 4023 7160 1534 7562 4039 7746 4561 1136 5065
29 42 6461 6030 3557 4001 5125 4089 2960 8213 1002 2606 6213 9672 6175 8190 494 7591 7333 3475 3789 9682 7658 9686 1580 2703 4600 8941 4037 1635
26 7828 1764 6888 3618 2343 6710 794 8150 332 6674 6486 6291 8223 4129 4847 9730 2127 1274 8647 3661 2990 7731 24 8744 7153 3444
31 2717 7760 994 7529 416 130 8766 6753 8239 499 466 5055 4272 6697 9007 3416 406 30 3567 3293 508 8301 1077 1953 823 2559 3710 2544 9615 5551 1793
28 9742 7047 7979 7985 5940 3373 9825 8620 4562 4413 8025 8067 8145 6406 5606 6743 5746 1828 6962 5463 6193 988 7339 2383 6506 2814 2957 3642
24 9371 8177 1100 4248 2918 513 6744 9339 3608 7195 6882 3136 2671 9024 5174 6146 6875 6165 4324 7074 1393 5543 4135 7907
30 3042 3216 8404 2198 1247 9273 7952 8093 8389 2722 8628 7776 1493 5847 249 6147 8497 5394 7632 2700 3276 4203 4780 826 8043 20 4532 3816 4526 9958
27 3155 7574 6488 4650 5181 5585 9504 2853 8289 3925 4873 6728 9334 6696 449 8847 1763 5655 7366 4216 151 752 1859 9517 7801 5365 3024
30 5919 8504 5557 2769 605 8111 456 2161 8680 2097 8734 6460 6484 48 6111 4164 5773 8321 6469 6549 9319 5145 7301 5017 7125 8164 390 3062 7947 4087
34 8849 6227 554 6151 9385 9382 9625 5499 2674 800 3427 5749 4178 4687 1915 709 9704 6846 5978 8148 9653 5631 3378 8868 1617 7736 3994 7019 7544 6303 6266 1106 4871 9154
29 8099 6214 3640 3396 3126 3118 402 2409 431 1688 3794 8552 3981 5504 7018 8175 9598 6494 9867 5807 668 959 9652 2160 8343 1820 1313 3279 6051
25 4189 8152 1595 9751 919 5580 5596 7468 8458 4774 2946 9458 9256 559 7378 7217 2022 8091 6917 692 8174 9080 2670 8631 582
26 1641 773 4166 3044 2147 3907 653 1707 9854 3647 3546 4823 3251 4368 9197 5001 5331 9626 4649 5656 9061 2282 8845 4981 1916 2565
28 3039 666 3878 7689 1421 1681 8790 6854 2280 258 7663 7696 7265 4776 2757 1195 7585 6938 8608 3093 1687 1018 2434 4369 41 9003 5280 5392
29 2734 9360 915 9791 6504 4304 1412 4969 7916 3166 3430 6354 8824 5578 1314 6895 3677 1673 8082 5980 4618 1775 8508 7857 8554 4841 3072 5473 7641
30 3831 4398 3075 6347 9522 3866 9549 2838 2298 1770 4483 8794 6976 2017 6809 5075 1535 3552 255 326 7762 9711 6089 6290 9205 5305 749 8776 6264 900
27 8858 9166 5185 1080 9590 167 6752 36 3648 9660 2255 3982 3199 1494 7682 222 4406 772 8 364 8716 6103 8241 7192 9164 2530 8548
29 1579 3833 750 6655 9129 4529 6754 8913 8793 1767 5350 5297 9919 9010 1261 1830 6841 3113 1246 8656 3296 1432 9550 4733 1957 6921 6776 8479 7577
28 4065 7674 5097 4662 3782 3455 132 5424 902 7304 4533 8222 1280 9207 2287 8217 211 5853 8064 9369 2284 2250 4271 1288 8228 6513 9438 3116
29 7427 1364 3643 6935 9115 6703 7489 8638 200 5382 4520 4696 2686 1774 3368 1713 2219 2181 7433 4261 1561 9597 8905 2294 6828 1015 5729 8167 1921
27 1466 1846 8870 6871 4560 6794 2868 8506 4370 4958 9908 1320 3065 6719 9292 5056 1450 8303 5858 4849 7669 8556 3014 2385 1875 4418 6017
31 3236 1109 4980 6928 9732 9123 6348 3332 4393 3741 2247 1555 3144 3286 5420 7300 861 680 2753 5884 3068 3615 4778 3178 4173 3081 5615 843 6184 7399 1154
28 7995 49 4996 4573 4030 6309 1904 3212 972 7531 4100 2184 2761 1137 9312 4614 8534 3535 1645 4056 8086 9432 1388 9657 7644 6532 6821 3570
29 3183 3247 1751 4937 7442 8624 5117 5783 2435 3429 8528 5862 9979 3241 7114 4839 2327 4763 8817 7211 4041 3977 8045 8567 4584 6305 5527 1559 7260
27 4891 726 6463 1014 3992 2218 5307 7338 2313 6473 9281 9821 5874 6873 6439 6977 8702 2259 7819 9305 5286 6782 8708 4197 2807 2587 5211
29 6423 7639 2152 7481 9980 8727 7317 6221 4856 1988 5852 339 2077 7546 3602 478 4911 3666 6443 6831 3823 8127 6799 8777 9143 4337 8928 1367 1177
28 1769 3361 667 9940 2755 1217 7299 2238 4931 1435 9057 6352 2546 2125 1046 7273 4719 1090 786 5735 1475 197 9572 2848 2959 8596 2582 592
29 691 1833 7871 9352 6102 1505 238 4273 3715 5490 8253 4376 922 264 8031 4207 8158 5688 2047 8612 9775 8065 2109 3706 2812 9285 7789 5470 1627
28 3145 8125 2766 627 6485 6452 791 8517 290 7661 4504 2699 8775 600 4213 1453 1537 1611 5393 7283 154 9468 5016 9112 9987 1473 7066 6804
33 8644 8044 8934 5653 2614 1059 281 7769 572 1203 4524 8798 9910 911 8337 5428 1401 7033 2869 7994 7248 8947 4686 827 3097 5172 8632 9176 3351 426 2498 2968 447
31 8724 7235 4632 3051 8130 5797 1414 9172 8460 4003 257 5793 7863 5291 116 1742 4633 7700 3525 7069 3231 3714 9532 5651 6957 3438 6577 4702 7631 2157 9556
30 1999 3628 144 9515 1016 3881 3103 261 6268 7037 7039 3310 8814 6721 2324 3213 7898 1013 2684 179 3509 1478 7486 1527 8100 5569 6377 2969 3555 7649
29 9111 9288 910 7014 6578 6623 5224 7751 3745 9733 8499 8369 9780 584 5198 533 9712 8401 2882 2592 3012 853 5469 9789 5702 9342 3168 824 9914
31 2584 1826 7148 314 4896 8327 7180 7773 7185 6036 8322 5403 7419 5699 1085 1418 3152 3067 2727 5385 8800 9801 2455 8451 7052 2510 1022 5849 9452 6639 2518
31 2440 352 9589 5934 6351 9263 4307 9394 1895 9186 9921 8391 2935 2998 6811 3441 3605 5287 7003 7027 2277 5625 2449 4000 4038 4150 2953 4698 2585 283 7010
29 8544 5030 2554 3064 4777 3716 2608 8920 2375 4174 1792 465 8215 4599 6684 9707 492 7808 9551 4886 935 4744 6126 5408 5225 8953 5948 6235 6537
29 4661 6557 8850 811 3050 1560 9494 6419 5700 3908 3229 9993 4132 1145 1719 7750 5827 3594 9981 28 3591 6602 1877 978 5344 9293 4699 1533 8314
30 7609 1556 7458 4249 5182 3267 6551 8673 4134 2233 6256 2808 3795 5497 6063 1171 1272 8333 9487 7510 4725 483 9086 6196 1686 2709 7517 936 4793 3810
26 9321 1599 5564 9850 6382 7147 9640 3619 1609 5238 301 331 6298 5152 96 8425 4357 3255 1987 9496 37 6909 3959 6325 3870 63
30 6975 1831 1407 5082 5229 93 6874 6979 7812 2595 4028 2877 237 7388 8621 2034 7834 6417 967 6525 7954 712 1108 6832 4270 8060 6932 953 126 6014
34 2635 570 4543 1148 968 8120 6767 879 6859 7356 6162 7748 4831 6856 2020 6948 2171 3026 9609 669 2447 4654 5825 8767 7627 2543 8126 6801 4468 5649 9710 3719 2716 4977
28 3922 8366 766 7867 8714 5726 7910 3420 9006 5509 6914 4456 3284 6665 2014 6624 9 3400 1741 3790 3969 9142 1513 4265 3943 6798 7854 5486
27 6096 2202 5675 4909 1124 6765 6779 5759 2937 1207 8562 3622 7948 2739 5270 4700 834 4826 2733 284 4613 1841 4571 3979 3366 2810 4331
32 1711 9117 7115 3701 1675 2236 1760 3669 5925 760 4953 8211 871 203 8437 5869 7077 7007 6644 8139 7231 9641 6571 657 3206 543 5452 4459 7677 5092 6663 3143
28 7080 275 5777 1614 3620 7715 5052 308 484 8904 878 4988 7877 4617 5804 8370 2839 4879 6896 7041 8428 1183 8742 5819 6431 3308 7850 9255
30 3256 8523 8980 9131 9304 5423 9286 1160 964 1219 6666 54 2539 8345 7112 4177 5187 5212 7350 7964 5338 1343 1162 7360 7287 7508 2357 8770 8360 4644
26 2223 3076 528 3268 6016 9485 380 6015 4163 5781 3131 9792 5817 3983 5067 6807 9998 97 4563 50 8738 9805 5582 9894 7568 7911
27 6056 9446 1670 2906 4309 4282 2738 4566 7401 7847 9575 5289 7549 3889 3301 7271 2466 6775 4595 6144 5765 485 4517 378 7002 4965 4171
28 6933 9538 2512 8166 5251 6554 4621 5969 7703 4857 5951 9497 9068 2682 9381 1122 1495 4609 3549 155 4013 3627 2553 2405 2571 1655 3829 5320
31 8551 9248 6980 6778 7579 1588 3573 4350 8292 5355 2725 3055 1182 5000 5108 3063 8254 938 2949 3432 1156 5697 1992 1202 735 8672 651 2776 3161 4635 5698
31 3448 8407 138 8851 9956 5910 7581 598 7572 2797 4055 8483 793 3020 8605 2833 9959 6462 2231 5628 5043 2492 1284 9656 5140 6899 9620 7413 5215 7965 7886
28 2758 596 1956 702 6237 1076 8609 383 1269 9593 2040 1544 4779 947 6924 2425 307 1116 8380 7137 5381 8323 9978 3493 6415 2041 9383 5240
31 1408 8961 6671 3324 7244 7742 6150 6966 4788 9892 4446 8262 4732 5905 6378 5450 6453 7615 4623 1225 7285 3999 1910 9013 2729 6717 6358 3355 6189 3285 4556
29 6808 4182 1491 5153 3536 5436 9571 3625 3341 8042 6715 7374 1074 8666 4930 989 3096 8242 1781 2941 8580 5754 8923 7461 2978 8729 6308 7123 8805
28 2150 6062 3914 4507 571 8765 3326 1485 3242 4679 9526 3134 2520 8189 1552 1383 5880 1581 535 5321 3309 4848 2302 1119 1105 9991 5991 973
29 175 8205 3630 2715 7295 9811 2429 6274 7038 1326 4243 4440 5352 7973 7739 1457 4549 3319 8269 6685 6526 2628 1455 6702 2964 3655 4973 8353 6279
29 9168 3704 417 7161 6046 8421 7203 209 4703 6740 9376 7522 3563 4583 1308 4676 9011 7292 5986 9083 5920 2932 5902 5445 8606 4020 2828 3468 3071
28 526 9887 4170 5555 4050 5724 7158 5875 8627 4158 4500 8214 2913 5834 3812 2082 8926 1876 3820 1710 7051 6934 8079 441 9788 7100 2781 9700
25 601 4766 3781 5226 2401 232 8328 1897 620 2062 1215 3974 4277 2475 4244 8495 2696 9574 2174 9610 2065 7520 4619 5029 7559
30 9141 3592 7251 6374 2048 9963 7065 1657 4137 3086 2207 7811 7645 8821 9135 3721 917 7656 9405 599 6043 4102 3726 9691 296 4884 205 3421 5779 7162
32 9822 8468 2297 7695 3579 7992 1822 1787 3182 1081 4444 3431 9871 8939 8755 4602 2060 6075 6180 6712 8271 8921 7446 7594 6579 6077 2308 9422 2380 7470 6737 3517
29 327 4466 534 1862 2186 6379 9955 927 9939 4997 5547 7766 3543 8066 713 4125 5806 5295 7479 6734 4626 5922 4850 6569 856 8582 637 8682 4625
29 187 4805 4808 502 2252 4739 7436 4076 3281 6866 734 718 9809 8142 5972 8796 7146 9469 2309 1087 2827 4007 6455 8706 9065 717 3940 368 4594
26 9180 7643 159 5262 2933 952 6658 5105 110 2011 7958 1044 4515 6208 5727 7763 6009 5841 8304 7874 3200 6209 3930 3207 6722 8816
26 6428 4236 89 1700 736 899 7240 5976 4130 5290 4382 8489 914 2130 4865 1977 8720 2880 7657 9569 8747 5184 321 4998 7978 2895
30 7584 1577 450 1926 9428 8746 7361 1917 8581 5053 5597 2178 8538 8509 2369 3662 2975 6958 631 1955 3217 1356 346 8690 5337 6013 4552 9748 7194 2436
26 6424 3665 5377 2003 1241 4514 9622 8569 409 2763 6434 7282 4919 5800 7757 9077 8107 1286 3052 2641 3624 1869 8779 6654 8574 6730
32 962 5482 8267 7648 8890 7232 6292 7149 4454 0 468 3742 7377 8296 9280 3585 729 4288 5531 4814 9929 6788 1702 9210 1514 1372 3688 5101 661 181 7174 7899
27 577 8364 7638 5263 663 9777 8012 4809 2707 2525 8808 9309 6375 7276 9588 7803 905 2344 9611 7814 9972 5599 6907 5650 3157 4712 2504
31 2851 5147 9136 2442 8717 4476 4192 8865 2687 3887 7462 2122 9187 3095 5782 8426 2251 4328 303 4404 1426 1201 725 723 1443 7524 8955 4411 1323 2134 6202
25 8946 5326 4773 8540 6125 5860 2266 6267 1306 7305 2705 7884 9800 6166 5567 490 549 1844 7085 1570 9539 6316 4984 6881 6055
32 3153 1040 2813 2693 7331 5005 2167 939 3644 9044 9338 1693 6385 2760 161 7328 225 8886 1439 9169 6946 5708 6034 2222 5011 374 3936 5805 1727 1522 9358 8194
30 7318 445 8995 4115 1365 5534 1025 1390 5218 6167 4880 2457 7925 8448 4383 5048 1146 8362 6861 8155 5636 4305 9749 9834 5981 9582 9927 5559 6955 2217
30 4768 4447 6597 3921 2633 6816 7347 1839 8655 9110 4612 1459 8384 1070 5956 3576 2299 1480 6853 9137 7749 6109 2619 2824 2393 453 5609 6038 8151 9860
26 9215 5069 9966 5416 7191 2410 2001 9976 1524 2502 7056 7431 4074 775 8414 7961 5362 3924 4209 9903 4319 7396 9134 1464 4923 9741
30 602 9688 191 2205 291 5151 5693 7880 4044 1872 6515 8144 5118 5438 4410 9736 4756 8843 8420 1652 2598 72 6458 4810 9331 7551 192 6435 6587 8636
25 4141 6729 429 8193 5478 3164 4004 2654 2009 4223 2276 9008 1382 9587 4837 7940 8600 6694 6887 2962 1975 7214 9423 4111 7021
29 2098 5500 1437 3482 1139 4 3702 4391 970 6049 9864 5433 8642 1431 38 2355 7612 9344 9050 716 985 6777 921 1086 6366 5734 5507 9768 9895
30 156 2550 5529 9175 768 7375 771 7691 6312 7743 4047 2802 510 9434 2657 5220 3377 2888 2043 247 8198 3282 6589 2089 1318 9524 8244 9573 1027 7652
27 6507 5008 6970 9033 4386 3091 6747 2061 9808 3379 8206 5162 4180 2939 7184 1114 5662 64 2271 2602 3000 622 2896 8695 6397 696 3021
28 8450 23 3235 6857 1779 3671 5351 3272 3100 5407 5412 7846 838 3568 7692 9103 4819 9230 6987 9009 423 7480 2063 787 5985 4890 4256 4821
29 7138 6791 9992 3385 3201 1890 1042 3170 8377 5769 1516 2050 6612 1698 5073 9283 8867 4162 9144 2676 6370 9722 1297 3510 6041 8195 2467 6647 7326
30 7851 8730 2241 6234 3845 8651 4394 980 5090 9368 4401 7404 7247 557 4448 8610 7310 4570 5242 1823 5078 3497 7255 6239 6289 3588 9023 5859 1738 9138
28 6229 8440 8797 9073 1913 3049 9745 7870 4900 8224 868 2120 6878 1461 86 2432 8171 1757 8361 8102 2162 3447 1281 6327 12 2902 265 7341
30 3660 1512 4803 5895 6421 3001 3667 2983 9889 8466 8976 8335 918 2185 4838 8288 9823 7783 9911 4876 6067 1755 7302 2612 8788 9099 6094 8959 4775 3595
30 6440 207 1134 5472 3855 171 1794 397 3528 4221 437 9762 5584 9249 9303 3028 4845 3102 7514 500 2580 9843 9879 4705 1718 3652 371 9330 3826 9697
28 6042 8568 9797 7699 5298 8293 408 3195 6630 1692 2030 5818 924 6457 4230 193 7181 355 2460 3964 757 4409 9819 3938 9113 1801 1315 870
29 4523 7822 78 1186 7890 4227 7974 7679 2801 9362 1242 7135 7105 9628 2903 5752 2206 3891 1748 6107 8951 29 2991 8084 1470 1629 8110 3188 2103
30 5260 1387 2330 5751 2459 2168 5654 1487 9235 1149 1898 194 1557 8294 1405 1642 4713 5214 8599 536 6110 6984 3223 876 9335 7600 9778 1184 2942 9354
26 5455 3496 2604 850 8277 515 9456 1238 2274 1433 7209 4334 8455 6060 3920 7102 7206 2411 2131 2361 8531 4255 5391 5678 1350 7502
31 3875 1035 1415 2573 2037 4784 1430 1133 5163 9308 6364 8677 4136 6010 2424 7564 6649 912 424 9105 1696 1646 2669 7303 8302 7991 990 7246 3668 4512 6596
27 586 2417 1753 747 7575 8966 6000 385 311 5277 1104 4565 9372 5998 2842 5202 2462 3125 755 3916 5264 4342 2328 1115 4384 6564 9212
28 7653 3533 4327 8565 3331 7327 5784 4799 2680 689 5647 4833 4428 7267 7859 2631 5614 8186 5444 9541 1586 5180 9025 253 4811 5915 9782 9770
31 5634 6543 810 8977 2049 8046 7464 690 5170 3777 4190 1228 9545 2724 3828 9424 4109 507 2087 6232 1101 9519 1979 4029 5437 3542 5996 9934 287 3540 7134
32 7678 6610 548 1554 4926 2840 5376 7981 6795 4095 9917 3484 8907 4667 5689 8558 984 5027 4555 9706 1273 2458 9245 4729 8287 7647 4746 8880 4680 7841 8443 7272
30 3387 4066 8740 487 6961 7957 3847 3346 8553 150 6230 3304 3797 5395 2790 6892 3684 1706 9999 8667 3007 260 7269 2102 9631 113 2721 6988 8768 1637
27 3440 698 3339 3582 2166 5714 9395 4575 204 4726 8617 1436 8371 7844 2387 1571 8196 4475 2023 8209 5589 5009 894 9774 7837 2493 849
26 1717 8472 5213 6664 3350 4655 1131 2489 6550 1301 2547 6707 6178 2534 3963 4727 7889 1845 4854 2438 7799 3459 4995 5374 8062 9481
28 9738 2378 5535 5334 961 6995 9537 9350 3770 4363 1020 7097 715 2859 3686 8722 9290 7081 7437 875 8570 3338 2503 9201 6201 9904 6498 9969
32 9351 9960 7946 2777 1267 3898 2138 6389 2142 525 1248 5429 3548 5766 9618 7792 6321 7236 8034 9465 801 8048 2317 9036 4036 7354 2269 2094 5032 3404 1235 2507
30 2038 8424 6392 1807 4279 5448 4181 6341 7840 7061 4341 7071 6849 8476 4598 2256 6492 7848 6020 8900 9259 4485 349 4326 7457 9320 240 1001 845 4131
29 6430 7313 8835 9930 8261 9937 8471 5296 3254 5440 9012 1749 6993 1170 3437 9935 3343 4815 244 4301 7398 2377 4121 312 9022 7595 9912 1891 5044
27 1572 4060 9743 9646 1380 2258 6902 5570 1676 7815 3631 4316 8020 1856 6698 9421 9659 4596 6555 3750 372 6636 7048 2501 1255 4063 3504
30 5604 8983 8919 8074 6168 5683 9986 9436 6572 7680 1647 3314 3507 3646 7701 8999 6079 6965 9901 3433 3395 7452 4624 6139 9661 1939 5256 3872 1665 6632
30 2822 7539 9075 1067 4067 2395 837 4486 1998 7800 2176 1349 2548 7150 6426 7515 2714 6724 7732 807 7716 9965 8382 5019 857 7810 2189 852 6271 6207
32 2870 5388 4794 2954 4480 5461 1152 9669 979 5556 117 9078 4941 3975 609 2780 7620 234 3939 5493 6967 6219 7420 2347 7073 9948 7601 3196 5526 8409 6240 7368
30 8141 1204 8386 2396 4250 2569 4975 3275 7045 323 7334 1319 1972 5839 1892 5808 3458 6078 7813 9518 5893 3965 5190 2884 7411 6360 937 8514 5681 5255
31 7136 4397 8286 6756 4917 1740 9184 926 6472 2646 9127 8659 2148 8115 7237 4471 5299 9996 3723 5236 5977 8973 7067 3864 7444 1900 5538 8117 4590 7294 711
25 9189 9417 5942 8063 7430 6643 1821 7629 266 4443 394 2560 6006 58 8140 3408 9897 3738 4022 4484 149 1543 5918 2804 5284
26 1808 6668 4616 3693 1499 3278 2339 7538 4758 5474 7284 8892 6129 4855 7044 7500 5246 2490 8643 7434 5888 7897 8736 3607 9100 9837
29 9392 1573 5798 4091 1398 7383 9856 9477 134 5887 420 1971 7131 5292 1483 382 2872 2419 2173 6682 2650 4968 9840 8243 3214 2261 4026 7926 1397
28 3249 7324 9591 9635 3903 4718 9665 2232 9499 1419 4266 9278 1829 1894 2697 1338 7495 7314 9639 4971 114 469 9886 7717 5549 8891 518 2786
26 820 1896 6250 357 2912 2644 9954 5911 59 5106 2004 4371 8341 5943 904 7578 9294 6122 8467 1982 2210 7754 1279 8363 7903 2661
28 4935 5324 2335 7230 2746 7408 8500 87 9203 8325 7876 6456 140 5063 8334 1914 5378 3193 618 1565 9566 8212 9859 2376 9905 5430 1540 202
28 4078 6197 4751 3295 8273 8663 8494 9989 3500 9842 5791 6763 9185 7058 3978 6621 6104 705 3372 9271 1922 146 5234 6248 2779 2444 2296 7555
29 719 7633 8678 3476 5868 8375 6128 6295 6097 4168 1920 8855 7312 5786 9387 9419 6120 46 8930 9125 4536 9198 3578 442 9953 1454 4354 8640 4058
29 7833 3353 9913 1377 9612 1283 2637 3489 2919 1118 5983 7706 239 3941 2741 5590 4557 1931 3737 759 8444 7582 9269 6911 6713 5864 4479 2075 3006
27 2995 5057 4122 5553 9219 8778 1600 8924 9272 3803 7755 5879 3825 9750 9179 2666 4378 6050 6505 3485 6805 8169 8685 9863 5736 6680 697
30 9925 612 5113 8282 9079 678 3731 5353 8911 2039 597 392 7407 1867 8861 5691 2683 5268 6963 5357 3077 8069 7389 8929 5629 6916 65 8092 9802 9478
27 1785 6956 1768 5997 462 908 2762 4387 2774 8263 5068 5064 1933 6253 1885 3344 7888 1780 5799 9237 139 6281 2104 8146 8830 8132 7460
30 9159 4671 336 16 5713 4639 792 3821 8993 6069 7275 5770 4402 8378 4317 981 6850 4836 4299 3761 8703 4208 1500 1790 6293 5813 2796 9188 1212 6835
31 4052 5336 3471 874 421 3347 9915 4395 3205 3130 7455 1986 9952 8352 9845 4829 8601 8550 379 8461 6288 3550 3089 6536 5363 2545 9020 2712 4422 1428 7688
32 6885 625 1938 6890 61 4442 589 4356 8005 4724 8988 84 8899 7443 522 2348 7758 3884 5573 8016 4405 1164 4772 6913 8985 3713 517 2567 6762 8589 9109 1363
27 7426 523 350 3735 8108 2359 941 8741 7671 5659 6651 5405 9490 3446 7924 9683 842 5288 8806 5722 3413 1878 1474 7705 6524 212 8909
30 3016 4473 4568 2042 1558 7488 1562 3151 8381 1243 4638 1158 5192 2325 1402 5761 1661 9400 887 4035 6199 3751 7548 3133 9638 5946 2706 3734 5621 6625
32 6130 152 1660 5740 6445 3518 3186 2057 6500 6205 5369 9883 6872 4519 6206 7321 2237 1783 1413 8023 8997 7971 4269 6852 6825 6986 5575 6704 8272 8298 2634 5273
34 5835 1539 7787 8080 7707 304 5883 5303 2771 4874 1011 9502 7213 3010 1761 3806 9389 3137 1221 5622 8295 2290 1190 7143 7825 7113 2575 9028 2732 77 1981 3173 3530 6787
30 9191 993 4989 3383 5031 404 6242 173 9795 6584 2542 8159 1371 7308 115 92 9923 1047 6953 3740 5103 9386 885 3626 1337 8516 9579 641 3381 75
30 5371 8315 8207 8657 4217 8530 1239 9242 6099 9133 5878 8004 4945 1045 3078 9464 8560 1927 9323 1941 1563 4220 2655 6517 1978 2976 9244 6029 9873 6090
29 102 1425 3972 5237 82 2599 4183 9356 3520 1098 4241 7651 7059 8446 7586 4280 9355 5775 9796 3371 8156 6923 3053 5624 25 8559 1181 4339 9799
27 2603 2713 656 9019 1448 2295 3486 8365 230 3481 6287 9689 2416 4743 6540 6518 398 248 5640 5165 3874 1497 6317 1765 1550 491 9192
29 3511 3119 7566 8003 2430 5144 1198 7296 4247 6296 391 5169 9035 9365 412 3888 3747 101 6760 524 650 9746 1362 6880 932 8994 3653 4714 6246
27 9058 2864 9685 1520 1985 1178 33 8848 9451 4641 9482 9703 2685 5579 5135 815 8283 756 2402 3787 5814 2566 4593 7791 3522 1399 3531
26 681 957 4481 2145 2384 4567 8873 6971 3675 8668 7935 5080 6741 5346 2945 6725 1058 945 6071 9623 9004 2264 3354 3664 3038 7774
30 4172 9594 7006 5511 7042 1051 5990 4302 8646 9149 5802 739 4728 6800 1490 3061 7072 2187 6204 538 2886 3245 6605 1006 3165 8811 4228 3467 5930 6135
30 3883 3709 6001 1704 5233 6677 9520 443 1515 9619 3802 5035 2426 6368 9072 3390 2033 7126 3895 6476 3621 591 4846 5339 6541 1815 8484 4516 7593 3748
26 8725 6891 6200 5247 928 504 4530 3854 8645 8251 2799 7450 5533 7509 643 6432 461 976 6372 9605 7128 1947 3451 3589 6732 3399
30 6340 5465 5771 7883 3099 1795 5244 9489 8022 1253 6690 8330 1389 8094 4120 1135 8942 955 4438 2754 5267 1722 5710 808 7490 8658 574 9388 7422 6121
29 3117 2765 7402 6983 7253 220 7896 1810 7664 1564 2825 1585 5427 5332 4332 1050 361 9162 488 5743 9578 7445 18 1974 6002 5586 145 1071 3048
30 9832 9890 7439 9806 4046 9454 9121 6027 2601 3678 8840 8832 6989 6429 6044 1142 9119 1886 5123 272 6383 5025 5155 4783 2691 9353 4592 8225 977 4329
32 6599 4764 2607 4503 3005 4186 3537 320 4589 8309 4657 6893 4425 2675 9250 7363 3463 2226 4027 1033 9239 6132 1605 5088 3002 1682 262 2257 616 7697 6179 1766
34 2600 7216 9747 7084 6481 9238 164 3651 6750 174 9720 1548 5803 8864 683 512 2245 3473 7225 8397 4606 7904 1041 9379 8308 7895 4381 2572 480 5960 2594 4097 4014 4347
28 2849 4753 1312 7922 8547 7026 2775 740 7110 6186 1307 7875 5100 3121 3508 3401 2315 2227 7262 5087 3788 137 5120 3239 9947 172 4540 9307
28 6781 1062 3856 40 3367 721 2154 1541 1132 2931 7188 2610 2121 4603 8436 1819 4310 2229 6789 5979 5753 9364 5677 9759 1786 4257 6784 537
34 2446 2414 7708 2005 4715 4867 2391 4692 7483 5510 1083 790 4785 1825 1214 6082 9694 5379 611 2653 2690 2488 7241 944 104 7827 8088 3450 9170 2275 166 4762 7806 8618
29 9413 7096 3987 3442 5020 5867 3114 4315 3388 1679 943 83 5488 322 9466 603 7853 6048 9553 7133 8452 6194 6355 632 7683 1930 3697 7817 7063
32 295 6497 1037 170 4834 338 4126 8572 541 1735 1304 3791 6648 9906 8859 4918 693 2632 1517 5013 6487 8571 1075 7913 3768 6659 4008 235 501 3008 2809 3375
31 8033 2996 3827 4068 5333 8906 9907 2279 2642 1012 8874 5121 135 6449 8332 5716 3692 6223 9525 2070 9480 4143 6373 8113 186 814 3712 6503 3148 6142 5517
32 1179 9435 7782 8399 563 817 1756 2677 2394 7278 2403 1871 7835 9173 3515 9158 2404 6945 4477 5037 324 6527 4860 5094 3526 8809 3112 5936 3197 8374 6133 9346
28 7277 7984 4957 4607 784 2873 8933 1882 2281 5366 5550 5200 8137 4373 8960 7829 3928 3466 2073 5961 4242 3426 2203 8522 5548 950 2349 4901
29 9145 7256 182 2228 1715 1373 1547 8526 190 5278 1683 3989 9247 8507 5367 1498 9430 4970 6802 2660 7573 5271 6855 4210 7289 3311 7424 2528 6491
26 9670 6190 862 3698 8693 706 2992 7227 4889 886 5018 7104 866 5731 6045 9846 6314 3600 9226 4283 1546 4646 882 103 8268 5453
29 7418 2090 2351 4802 6113 8594 43 3439 8679 6331 5390 4898 1172 189 337 1054 5248 407 3248 2750 1663 2374 3559 5725 9001 7542 7050 2532 1508
25 306 3991 2876 2965 6262 7359 4521 9153 9087 7340 805 4578 6226 299 4787 2045 5283 890 142 4296 859 4798 4407 561 2791
29 333 3581 8786 5112 5680 6516 590 3122 3724 111 6033 4689 2977 7532 1294 7012 9507 8982 6689 1884 136 765 5709 3948 8533 6028 8619 9018 6627
