37 3729 1953 1105 1 6143 1073 9978 8687 8830 4839 2416 1907 6865 9374 1290 9300 1434 4816 8901 3134 6022 874 7418 7116 5068 5944 3653 568 5925 552 3841 2676 7249 6675 3687 3113 8082
37 4326 8529 5986 423 9175 2478 1823 199 2447 2421 8922 50 6244 6040 4176 4456 2979 4832 1478 4600 567 2096 6738 9779 2019 721 1095 1412 9278 9167 6986 3604 8651 8644 8544 4455 6454
39 1372 9435 7297 3757 2817 7974 4631 7583 4858 2000 5913 2998 2849 7244 5239 9521 1109 503 8845 8731 5983 5757 9528 3022 2885 3064 4391 849 3817 6387 973 4457 9103 7900 2809 8265 3883 7204 7487
39 8624 9607 3131 8874 4299 3522 5444 2715 7737 2039 7024 8174 3129 1784 8257 1022 4602 8972 4993 517 4151 6245 8258 4853 8349 9318 1262 8276 2886 6656 256 7672 8145 2148 5639 3553 313 8054 2201
38 8536 852 1982 4017 3556 8900 3884 6066 7727 997 435 5580 993 5594 7778 246 7801 516 7009 1418 5997 7821 3873 1293 9770 2458 2306 5418 1017 6444 1368 1563 2228 5637 1385 2463 9824 9169
40 2198 1379 8805 6035 5123 2404 3031 5599 9996 4220 3715 8009 7338 4934 9743 3435 9935 5733 8862 3855 3900 6542 6817 7787 2338 2948 102 4411 7007 3980 4140 6193 1466 143 838 465 2283 4144 4310 9370
38 4919 7902 565 7780 4287 167 9121 6982 1568 6213 5833 9017 8251 360 4041 7340 6841 5643 4339 2964 1101 5330 637 3807 4787 1626 3251 6237 5772 3835 4406 5918 6286 8360 6525 7294 7102 3234
39 6151 6119 101 1091 5426 4400 5065 6379 5880 7462 2794 8342 9803 6811 4551 3694 6324 1810 3159 7374 7141 937 6808 8180 9504 1919 5815 8322 2510 4453 5484 9111 2779 7542 7961 3796 8596 8851 3544
39 1694 6057 9135 4585 2155 6931 6109 6519 4799 5506 4640 6406 6787 7796 7600 816 6563 484 147 5688 8012 259 8956 670 9673 4774 3275 7687 7002 7025 4412 4254 3253 4879 1851 138 9444 1112 466
40 2880 4130 2175 574 6436 640 4381 9059 1148 7224 1028 1304 9968 2974 6210 4980 5261 3377 9617 8119 3578 5630 5999 9777 3974 5868 8588 1402 4268 1062 3353 4403 1726 7447 6164 8646 8475 885 8778 1150
40 1533 8590 9957 2741 8171 7011 4351 2947 3581 916 7083 3119 1371 2822 449 4951 9599 2207 9788 2762 4327 7629 6363 8513 7354 8061 7509 585 9913 3658 1558 7720 2626 1405 489 1819 5954 8479 9313 1100
40 4276 9615 9463 248 7283 6281 7130 3276 6883 7200 7784 3429 9577 8094 4182 6364 4380 7523 8370 2625 3908 9448 2180 7015 3488 5474 5934 7782 8952 8962 8187 1256 5896 3548 8659 2363 9659 149 2571 5210
38 5502 3210 1591 6972 3196 338 8408 2550 3067 2652 4575 1281 7507 740 7018 755 8362 3565 9646 4963 9096 6199 9698 5912 7375 3664 3891 2978 2161 292 7528 3984 9462 8657 4972 9795 1828 8969
37 5353 9502 3534 4733 9040 85 9987 5376 4026 8605 3065 6494 999 4969 2544 2870 1861 4645 3491 7239 3567 3748 2084 4738 1476 5308 6458 63 2770 8491 2727 4031 1914 5483 1210 6934 6253
38 3339 1245 2686 2307 2199 7078 4871 9890 5078 3214 6117 2760 2863 5960 8696 4918 9768 2996 8958 2845 2281 7556 363 6766 3021 982 958 2231 686 9532 6776 8344 2787 3254 8121 4267 9936 6533
39 1413 6727 5840 4784 7762 9253 6845 9041 9620 3834 6321 7498 7597 4489 1745 180 12 4761 5636 4076 6567 4689 2206 7539 6025 1216 6548 1287 8949 6715 1667 6090 1903 8704 194 2494 266 7368 1704
40 3404 5670 8497 6861 1590 9780 3869 8298 5399 6390 4568 826 7269 6293 1065 6073 9717 6540 1111 9953 2242 2670 6037 4669 9910 3399 144 8913 1159 9214 8200 9739 4187 6882 1011 6180 6860 8450 9595 1630
39 9200 8671 1312 1441 8575 9213 1460 9193 7383 7203 9071 1214 4928 4681 4573 1705 1707 4213 3758 9205 141 819 9190 8212 2026 7391 5496 7039 1283 1662 2683 5094 6571 9057 6039 8897 3167 9826 4134
38 787 4372 1461 5947 7067 7389 9724 1635 165 980 9011 7178 210 9719 2773 1139 311 3886 5050 1877 3736 8250 7303 4387 7305 5950 7213 8338 4897 774 7532 2050 9289 9674 2838 7933 4708 7033
38 743 6755 6751 3164 9307 9218 3562 7967 4529 3794 8674 9869 1606 5233 1526 525 258 880 9926 2303 436 9428 5512 7158 6976 8435 2208 2958 9102 2340 7110 1019 5869 1528 6327 4564 6837 9272
37 6704 5850 906 9453 4476 5472 1634 470 3856 2923 8077 1971 4360 3821 458 2011 1066 8617 2394 6144 1770 7020 6394 2165 3754 4547 7405 1621 4289 5324 7186 2395 771 4273 6309 6877 3703
37 2116 7771 3742 5352 8011 7973 4672 6300 4212 8584 3464 8176 2718 5739 3228 3749 2585 2850 4629 7308 3599 8551 8023 7128 9693 9611 661 7735 3612 873 4032 2691 2029 401 6984 5588 3298
38 2090 78 3787 1170 2150 6371 8906 3722 1013 9461 9983 6699 667 747 3225 8274 3027 1225 4812 5726 8573 3618 4135 8957 3632 136 5321 7743 7243 3264 400 2776 120 114 286 9567 3055 9079
40 5826 2836 3509 2048 2578 3503 9035 7481 7148 8232 2561 8541 2955 8564 4301 2240 8146 4460 4931 9828 8431 9246 5644 2529 5945 8273 2410 5893 7946 7609 5953 9216 1487 1020 4667 9211 7336 4914 8353 3255
40 9366 2244 232 4271 4909 6212 8419 7896 5814 6583 4876 308 7953 4736 2133 1399 8499 2984 7716 7469 1711 2131 6578 4892 7501 3153 8523 4515 426 3227 4539 8256 4257 4546 3229 137 2730 4253 3278 9709
38 7534 696 7154 8003 8521 6373 9969 6158 9115 5333 3880 1404 7936 8214 376 7419 6135 5344 8934 7133 7091 2164 8527 6936 9055 3355 359 9760 7934 5820 2200 4758 548 2798 7529 3930 1224 2457
39 9663 67 521 4198 8375 7258 6579 7692 4398 4872 5628 4588 7355 9771 185 7924 1860 7261 3296 6401 4915 9256 9148 9257 9498 634 6453 7651 762 2963 647 3624 9232 7530 7074 7768 2732 5205 5629
41 9288 9223 6569 933 4509 8324 976 4376 9704 1836 7522 9622 7046 7795 4577 5044 6643 107 9239 98 4766 9661 2659 2018 5288 9465 6835 7886 4469 6634 5287 5655 1426 9456 6515 8518 65 3395 5342 5267 3608
38 4194 2788 4731 3490 8102 4335 923 4229 5598 2290 4342 3719 243 5469 4181 6003 5470 7697 6124 854 6113 3162 2970 2067 5028 5847 9400 1194 1993 9403 6346 5640 6910 8724 2412 1136 4022 8384
38 6893 4661 9407 6498 6761 9165 2197 7452 8832 654 1574 3904 8372 7775 5403 2811 9022 6383 714 6655 4913 6297 9358 8253 2568 7512 1043 5 8955 4755 4115 7191 4123 7704 1511 8869 3912 3500
38 2359 3793 6228 6123 7943 7766 6796 8383 8106 3346 7844 20 1887 4900 1157 1608 7388 6045 8733 6214 9001 5970 8283 6310 9089 8452 3332 9685 2944 9285 6369 1664 4358 1377 4895 6046 6380 9158
39 1227 4375 5798 9189 9466 8053 9954 8021 2476 1229 128 6473 5737 4889 3714 2477 4098 758 4596 3102 7790 7547 7105 5153 3382 9726 5748 1309 8463 367 5004 8033 1888 4186 99 6226 9222 1763 6107
38 8224 5186 2925 9199 1886 5314 3261 8429 760 4906 5256 4078 7670 2709 6735 366 5992 6060 3103 44 1222 7649 1458 7444 9478 4362 6900 2841 3583 2656 3014 9094 5114 3882 476 6428 273 2041
40 7165 4274 1026 7911 5572 9032 2402 6200 7675 8288 8126 2586 7181 6012 3426 6784 977 9380 9493 3384 5198 8833 1736 842 3206 5929 9069 5365 1743 7960 377 913 5219 6424 9640 9878 1038 6587 2238 1055
40 790 175 6896 1523 2636 1137 7446 9386 7952 1583 6801 537 1081 6294 1918 7378 9625 2934 316 347 2261 9789 5480 1873 4157 1792 3168 3034 9589 549 7566 4902 7615 1799 8656 9541 7324 31 184 7682
38 732 572 4811 3407 5207 7706 6230 5192 49 8266 3366 1632 8884 6607 9511 9472 2030 7210 9546 8804 7586 2854 5135 302 6747 1825 4722 1747 5127 8341 6867 6076 3993 2708 2835 1099 8863 357
40 3183 5467 651 6378 9005 1291 5728 8681 3792 3871 3849 727 4775 3003 6664 8911 625 234 656 1198 4319 8896 800 7129 2260 4716 5509 8249 1830 2077 2610 7298 9183 9585 5667 9557 5396 522 2219 3256
41 4060 3099 9542 41 2959 630 8404 1625 3121 3857 5616 1816 4505 5370 4461 9324 6320 9184 9581 2604 6386 2291 193 1375 3232 5518 1500 6846 4450 3508 4218 1552 8683 855 267 7425 9349 9442 2805 678 6613
38 6695 6071 2215 336 8079 9548 3765 731 1775 1125 468 7899 2355 5132 7827 4700 2333 3497 4532 6316 8866 6823 737 1477 3934 3342 9731 8545 7162 5558 5414 2064 7786 6884 7220 2879 3100 5562
39 8075 3248 3190 5026 1392 7779 6141 6080 9519 3872 9852 7538 4332 7862 9923 6899 5247 424 6621 1981 1949 9849 5297 3878 8294 5463 6615 3494 959 9601 8991 2428 4890 5904 2489 5111 4935 608 1469
39 9547 5034 7319 6582 2576 4009 8403 5244 914 6163 2638 9867 3117 1076 8409 7928 9450 4217 575 5839 4131 6478 6048 2771 3098 9429 1703 9321 8565 3163 5895 8433 7465 1316 4237 7215 8578 9073 2469
41 4424 3830 4930 9322 5736 6102 7099 9281 4196 9 2647 2621 8773 4948 5534 3385 7579 8487 5136 5215 6891 7913 8944 576 2001 8528 9484 9980 1195 5876 1987 2960 5989 4750 6920 3075 8410 5874 412 895 7044
40 996 3778 418 9391 3585 4298 9192 7660 821 4970 2717 7763 6075 3002 4270 1612 4548 2904 8096 7082 8112 3396 8159 4891 3956 2829 249 1776 2486 6021 4594 9233 9670 7894 133 1153 6439 1966 9886 9353
39 89 926 5442 8844 9033 8526 8500 5025 8569 2456 8220 2274 3203 2535 7100 116 1123 447 8914 7 8836 5919 2739 7793 275 6749 7668 1414 6703 9139 2123 7823 6646 7466 7828 5727 6742 387 544
38 7270 5440 6295 8716 1156 7963 3187 5753 1629 2042 1435 2253 2712 3434 8665 7395 3436 3194 4855 6138 4782 8993 550 1972 2581 636 9517 3672 5591 8167 6400 8381 291 4486 1579 2707 9122 1944
37 2386 5609 8817 9689 1345 5497 7254 9967 3479 8720 5615 6033 9582 3063 8043 6995 6743 6950 16 3325 8616 6381 1515 4154 9454 9725 4266 2784 4033 6407 7205 166 5526 2678 1177 6581 7700
38 280 6264 1114 6093 8787 7251 1695 353 7411 390 990 9758 8366 9345 443 4668 2003 2443 229 2108 1315 5782 6166 4323 1924 455 5085 5626 5946 4705 4601 2942 2194 4062 7592 4262 8000 1588
38 7068 1381 9420 5684 8230 6263 9381 6010 4679 8579 4172 4641 6724 2933 7121 4714 7453 8233 7576 2024 2277 9468 7013 3547 6152 4512 1000 3415 5523 8133 9248 3631 9696 8028 2243 9474 2105 2614
40 7431 8386 7830 3060 4820 635 9344 87 8388 3017 7765 8941 2058 6731 8721 5936 6629 4034 1447 7031 2157 2089 1059 1366 2354 4590 7553 4179 7723 1785 2926 2491 6753 8125 5209 4609 6586 4707 7436 506
37 5941 3041 6470 9000 6530 2405 6438 5223 5781 6923 563 1960 6767 3132 467 2896 9064 545 5886 3673 706 5156 8259 5293 7752 523 6145 925 9713 3611 593 9084 759 8742 4473 2637 3403
38 6121 7135 3726 5439 631 3701 2649 6402 967 3028 7146 9173 196 4045 5451 4603 5807 9186 6409 694 1692 962 8983 209 4436 2441 9903 2225 4964 4443 8041 2595 6922 8270 1781 4704 8376 5579
40 7756 9636 6789 2176 4831 3949 335 4883 7606 8710 897 9818 3797 524 358 8293 8329 3221 6184 290 2985 9170 6104 4383 3594 8943 2702 6429 5584 2825 293 4677 3001 162 542 2214 6209 5802 1292 2521
38 1117 2470 7715 5716 975 155 814 1158 5799 3226 4995 8287 7197 4966 6720 2847 793 1945 6590 5326 4905 4433 7396 5295 393 6708 6175 736 2153 6058 8639 6134 3901 2813 9451 5901 1731 642
38 2128 134 3062 5193 8620 2611 6233 2969 2324 96 7346 6775 7513 9887 5284 8792 6016 7156 798 8530 1930 3335 869 7972 9494 5530 2051 4435 3289 6431 9437 6857 5280 7970 2419 5648 488 3231
39 8234 4370 5148 4005 2492 7747 4479 9291 4943 9107 8343 8864 1411 5230 4823 8550 1003 4805 2761 6496 8604 8774 2254 1140 6357 7614 8042 1355 7010 4215 8779 408 8296 9467 5601 6788 5979 9628 2079
41 4162 1794 4522 399 7093 3744 4771 8473 3094 7937 9667 5620 2417 6697 9393 8222 9208 1905 970 7379 1567 4525 3710 5157 4402 2173 4697 4079 6099 9730 7157 6375 8470 992 3058 5283 1326 586 4097 1176 3716
40 539 2895 4258 9365 9798 7954 3437 5103 8850 8196 1031 2073 1609 9716 9837 4924 3442 6240 3161 4911 4248 3816 6448 7842 2258 6716 1393 6234 5763 5765 3127 1317 3318 9813 5092 3066 3688 130 5942 7989
38 5650 2664 2431 1211 6260 6577 8394 8201 6064 3173 9941 2857 4797 2071 7931 6514 508 1934 9856 7238 6898 3718 7142 4994 9740 7613 4524 202 1883 3201 5185 1034 955 3860 5363 9479 2140 1898
38 7725 1284 9099 8697 2213 8477 9072 1916 6251 4637 1027 4307 9706 1482 3702 299 5749 5231 5275 5515 3669 2272 2803 3875 4452 9805 8098 3408 7236 4275 2827 887 4862 9787 4804 6112 6610 9357
38 4426 9460 2750 6830 7235 3692 6686 5155 2296 3812 1631 5126 5603 6622 9108 108 1565 1876 7677 1209 6467 9337 4692 2509 8240 8520 3336 2557 7028 4863 2720 3851 5851 1051 2982 8046 1894 1354
40 6485 4818 1247 8363 9274 1249 595 3546 7360 1342 6337 8512 1757 8049 9204 7138 1615 9201 6081 9508 3124 1586 4533 6557 8882 7500 1642 3654 9373 3297 354 7445 9845 9119 4138 9645 471 5915 3767 9535
39 8925 9948 7813 4225 5189 5973 1798 1199 2006 247 2345 1521 8331 8803 3895 7291 1940 5583 2074 5959 609 4328 7153 4155 339 2826 8647 7708 6692 7906 2981 2840 2080 1839 1964 7840 5949 5046 6441
40 8767 346 663 5568 2891 2241 419 6277 7554 3311 8271 1054 1422 1829 5789 4785 8218 9194 6334 2752 8029 7185 8831 6338 2468 2369 881 2483 307 4856 2710 4126 7088 1549 7212 7560 8960 6663 4481 9026
37 3451 1610 5246 8107 6142 3681 4821 3440 699 8010 3741 9363 6398 6639 6333 4842 7574 6290 269 6311 7041 2083 4754 3616 9763 3506 7947 3720 4159 7366 176 4526 3932 8938 3052 189 7593
38 6985 9068 1219 8560 2191 3727 9106 3083 3224 1537 9269 394 6897 9741 5585 7331 8542 4465 7223 9600 4687 5421 4531 1975 6804 624 9928 7655 6183 4042 4968 601 4295 9050 61 7632 8496 216
38 2980 5429 9004 3012 1360 7030 9518 2516 2106 2865 4200 5835 2892 702 2688 9002 9526 5079 9808 4103 2271 8205 5091 5037 1258 778 6844 600 7815 5759 156 2990 2967 5145 277 5007 725 3528
37 9132 4656 4118 422 7617 9727 9301 1030 7846 9681 527 6009 437 1600 3386 5607 227 7569 6187 3025 1867 9637 2132 2987 1729 2580 5491 9594 3527 6765 9550 4894 8132 4613 3280 2777 8400
37 6719 6167 5633 3852 5003 710 1546 2013 1620 1006 4502 2007 9338 4781 4094 1553 3582 3533 1021 3848 6094 3352 4847 3469 5475 610 8048 1818 8008 8828 9879 1479 4770 1843 5329 2651 8752
38 534 2434 2070 6186 4396 4635 5104 2449 7066 2940 5082 7543 2757 7409 4698 9051 5272 5679 38 8690 921 2554 7268 4638 1576 5600 70 7656 745 1453 9993 4322 4256 3246 8793 5171 4666 4
38 2650 1231 2824 3545 7499 940 1010 1601 583 6813 1318 398 4015 960 2308 4921 4007 5818 7733 5106 1895 5438 1063 6296 2411 582 7991 2022 5694 6221 7098 5920 2002 4359 8726 8954 879 8992
38 9855 5696 6365 8100 7278 240 2336 8599 6385 9964 7817 8130 8814 9914 6392 5773 7873 8559 7607 276 3822 3760 3073 9488 8645 891 8666 8081 2931 3320 7372 4521 9847 8015 2461 7059 126 5903
40 8552 1555 4981 4393 4087 8163 7000 8507 3452 863 8669 3677 3139 2035 6806 7624 2104 7909 4014 1909 6969 3559 2435 8999 3530 5994 1193 7049 6960 3051 6043 403 9998 6807 7267 5698 4877 2943 8139 8876
38 2499 1455 2911 7477 4075 1495 9123 5455 4209 1048 2916 2280 7979 2314 179 9799 8802 4880 592 6181 3476 6426 597 2082 5401 9097 1809 2377 3514 9934 3091 4511 5974 3453 6559 5933 5883 9065
39 6074 8978 6393 7745 6261 6411 8602 5968 8798 7694 5821 3019 3917 3643 421 2099 6790 720 11 2178 3850 6248 1668 981 2912 6858 6092 915 1279 1483 5057 8465 5611 5405 3511 5977 6657 1912 616
40 1248 8505 9203 9452 206 4255 6644 8254 6826 1759 4742 5445 1681 2906 7749 4859 9690 8032 6689 8785 580 8039 851 7247 1741 1572 7420 8460 8221 9624 5360 5595 5227 7348 4286 2877 4985 1079 214 13
37 3050 6630 5443 4242 303 945 330 4442 284 3141 7266 2919 1516 8936 1035 3897 5685 7352 7323 1165 6895 4038 8229 3284 9921 250 5407 8488 8374 7926 3303 5738 427 4927 783 3241 127
38 4495 3887 4622 2088 5300 7014 779 1077 6814 6994 7505 9299 5125 5298 7893 5203 5337 5524 5447 361 6450 2690 828 2764 6600 3774 4175 8498 4956 3145 3130 6403 633 9397 7401 8103 2725 7740
39 5961 8812 261 8425 4466 6108 8867 4996 1396 6993 314 8626 5978 861 5000 4992 1319 2790 5265 1948 7108 504 8780 2127 8339 3587 697 7451 681 8769 1278 2081 3640 6661 2533 2433 6521 7856 2796
36 6492 5837 370 7479 1147 9686 7669 1541 9268 2542 9614 9543 4514 6551 5745 9888 4059 3273 6756 3645 5538 5871 1463 215 7195 8489 2453 7732 3475 5499 2249 3333 2192 8097 5334 0
39 9128 9829 7051 4899 9155 8423 3838 5754 3082 570 8909 300 8532 3176 4987 413 8135 1738 4413 1676 8979 4711 588 1967 8976 7679 8689 5362 9237 8261 4125 2530 9752 3345 4169 6988 6278 2437 5459
38 5071 6077 7329 9835 1954 3243 3815 6847 2532 1183 5531 5346 2774 1042 894 2284 7382 6545 3474 479 7070 2111 3334 7055 5158 8255 2866 5357 2367 1268 1848 8437 3828 1806 2028 4937 4058 9551
